seed,train_author,epochs_completed,loss_dataset,loss_value
7,austen,0,baum,10.838388061523435
7,austen,0,thompson,10.853286425272625
7,austen,0,dickens,10.855241351657444
7,austen,0,melville,10.847877820332846
7,austen,0,wells,10.852404435475668
7,austen,0,austen,10.848498821258543
7,austen,0,fitzgerald,10.844881404529918
7,austen,0,twain,10.852095383864183
7,austen,1,train,10.782466697692872
7,austen,1,baum,10.701594352722168
7,austen,1,thompson,10.709177017211914
7,austen,1,dickens,10.697127289242214
7,austen,1,melville,10.691664059956867
7,austen,1,wells,10.68102248509725
7,austen,1,austen,10.685606098175048
7,austen,1,fitzgerald,10.707612297751687
7,austen,1,twain,10.688842406639688
7,austen,2,train,10.65269374847412
7,austen,2,baum,10.633049583435058
7,austen,2,thompson,10.637879689534506
7,austen,2,dickens,10.615773836771648
7,austen,2,melville,10.61487356821696
7,austen,2,wells,10.606111526489258
7,austen,2,austen,10.599175357818604
7,austen,2,fitzgerald,10.6394117528742
7,austen,2,twain,10.614692321190468
7,austen,3,train,10.578223419189452
7,austen,3,baum,10.584323120117189
7,austen,3,thompson,10.590051333109535
7,austen,3,dickens,10.560489813486734
7,austen,3,melville,10.563617865244549
7,austen,3,wells,10.559434731801352
7,austen,3,austen,10.538793277740478
7,austen,3,fitzgerald,10.59229495308616
7,austen,3,twain,10.567150996281551
7,austen,4,train,10.51831169128418
7,austen,4,baum,10.541610717773438
7,austen,4,thompson,10.549867947896322
7,austen,4,dickens,10.51595894495646
7,austen,4,melville,10.5213516553243
7,austen,4,wells,10.520463943481444
7,austen,4,austen,10.488169956207276
7,austen,4,fitzgerald,10.551592653447932
7,austen,4,twain,10.527143771831806
7,austen,5,train,10.46614990234375
7,austen,5,baum,10.500931739807127
7,austen,5,thompson,10.51155153910319
7,austen,5,dickens,10.47312683529324
7,austen,5,melville,10.48149871826172
7,austen,5,wells,10.479715983072916
7,austen,5,austen,10.438600540161133
7,austen,5,fitzgerald,10.511232636191629
7,austen,5,twain,10.48673233619103
7,austen,6,train,10.415814018249511
7,austen,6,baum,10.458520126342773
7,austen,6,thompson,10.471546490987144
7,austen,6,dickens,10.428181595272488
7,austen,6,melville,10.44016949335734
7,austen,6,wells,10.436053117116291
7,austen,6,austen,10.388048839569093
7,austen,6,fitzgerald,10.469452857971191
7,austen,6,twain,10.444233894348145
7,austen,7,train,10.360415267944337
7,austen,7,baum,10.413326454162595
7,austen,7,thompson,10.430079778035482
7,austen,7,dickens,10.382092422909206
7,austen,7,melville,10.39737860361735
7,austen,7,wells,10.391263643900553
7,austen,7,austen,10.33586950302124
7,austen,7,fitzgerald,10.425714926286178
7,austen,7,twain,10.400685897240272
7,austen,8,train,10.303378868103028
7,austen,8,baum,10.366432380676269
7,austen,8,thompson,10.388139088948568
7,austen,8,dickens,10.335708724127876
7,austen,8,melville,10.354610761006674
7,austen,8,wells,10.346373081207275
7,austen,8,austen,10.282277870178223
7,austen,8,fitzgerald,10.380852785977453
7,austen,8,twain,10.356779098510742
7,austen,9,train,10.252519798278808
7,austen,9,baum,10.319708633422852
7,austen,9,thompson,10.345507621765137
7,austen,9,dickens,10.28841839896308
7,austen,9,melville,10.310792605082192
7,austen,9,wells,10.299413522084556
7,austen,9,austen,10.227695083618164
7,austen,9,fitzgerald,10.33548389781605
7,austen,9,twain,10.311660839961124
7,austen,10,train,10.197141647338867
7,austen,10,baum,10.272802925109865
7,austen,10,thompson,10.302791595458984
7,austen,10,dickens,10.240797307756212
7,austen,10,melville,10.26705757776896
7,austen,10,wells,10.252392927805582
7,austen,10,austen,10.172990703582764
7,austen,10,fitzgerald,10.290186968716707
7,austen,10,twain,10.266225521381084
7,austen,11,train,10.1322904586792
7,austen,11,baum,10.225019073486328
7,austen,11,thompson,10.259878158569336
7,austen,11,dickens,10.193822436862522
7,austen,11,melville,10.22297445933024
7,austen,11,wells,10.206826368967691
7,austen,11,austen,10.118157863616943
7,austen,11,fitzgerald,10.244696096940476
7,austen,11,twain,10.221647262573242
7,austen,12,train,10.083944702148438
7,austen,12,baum,10.177030181884763
7,austen,12,thompson,10.215928077697754
7,austen,12,dickens,10.145234796735975
7,austen,12,melville,10.178231398264566
7,austen,12,wells,10.159518718719482
7,austen,12,austen,10.063237953186036
7,austen,12,fitzgerald,10.19829039140181
7,austen,12,twain,10.17561413691594
7,austen,13,train,10.024799919128418
7,austen,13,baum,10.128576850891111
7,austen,13,thompson,10.171531995137531
7,austen,13,dickens,10.09689293967353
7,austen,13,melville,10.132626056671144
7,austen,13,wells,10.112319310506184
7,austen,13,austen,10.00825538635254
7,austen,13,fitzgerald,10.15179798819802
7,austen,13,twain,10.129320071293758
7,austen,14,train,9.96693820953369
7,austen,14,baum,10.08155345916748
7,austen,14,thompson,10.127639134724935
7,austen,14,dickens,10.048368665907118
7,austen,14,melville,10.087416648864746
7,austen,14,wells,10.065795421600342
7,austen,14,austen,9.95291872024536
7,austen,14,fitzgerald,10.105622811750932
7,austen,14,twain,10.0838989844689
7,austen,15,train,9.910847091674803
7,austen,15,baum,10.033099174499512
7,austen,15,thompson,10.083479563395182
7,austen,15,dickens,10.000491089291042
7,austen,15,melville,10.043046792348228
7,austen,15,wells,10.019411087036133
7,austen,15,austen,9.897126865386962
7,austen,15,fitzgerald,10.059055848555133
7,austen,15,twain,10.038596960214468
7,austen,16,train,9.846388626098634
7,austen,16,baum,9.984959411621094
7,austen,16,thompson,10.039528528849283
7,austen,16,dickens,9.953729629516602
7,austen,16,melville,9.998660723368326
7,austen,16,wells,9.973003069559732
7,austen,16,austen,9.841655826568603
7,austen,16,fitzgerald,10.01306759227406
7,austen,16,twain,9.993567099938026
7,austen,17,train,9.7962553024292
7,austen,17,baum,9.936848258972168
7,austen,17,thompson,9.995824495951334
7,austen,17,dickens,9.907005310058594
7,austen,17,melville,9.95484987894694
7,austen,17,wells,9.9273312886556
7,austen,17,austen,9.786341857910156
7,austen,17,fitzgerald,9.9672513441606
7,austen,17,twain,9.948294639587402
7,austen,18,train,9.734589767456054
7,austen,18,baum,9.889935874938963
7,austen,18,thompson,9.95228068033854
7,austen,18,dickens,9.859569973415798
7,austen,18,melville,9.910029570261637
7,austen,18,wells,9.881487846374512
7,austen,18,austen,9.73140811920166
7,austen,18,fitzgerald,9.92190187627619
7,austen,18,twain,9.90358616755559
7,austen,19,train,9.679365730285644
7,austen,19,baum,9.844085693359377
7,austen,19,thompson,9.90978463490804
7,austen,19,dickens,9.81378306282891
7,austen,19,melville,9.86708402633667
7,austen,19,wells,9.837480227152506
7,austen,19,austen,9.677143955230711
7,austen,19,fitzgerald,9.878114440224389
7,austen,19,twain,9.859777230482836
7,austen,20,train,9.620403480529784
7,austen,20,baum,9.79871826171875
7,austen,20,thompson,9.867647488911947
7,austen,20,dickens,9.7671586672465
7,austen,20,melville,9.82399050394694
7,austen,20,wells,9.791698932647703
7,austen,20,austen,9.62342939376831
7,austen,20,fitzgerald,9.833824331110174
7,austen,20,twain,9.815170434805063
7,austen,21,train,9.564086151123046
7,austen,21,baum,9.753124237060549
7,austen,21,thompson,9.82612419128418
7,austen,21,dickens,9.719796339670816
7,austen,21,melville,9.78107754389445
7,austen,21,wells,9.746267954508465
7,austen,21,austen,9.569756126403808
7,austen,21,fitzgerald,9.789619185707783
7,austen,21,twain,9.770816069382889
7,austen,22,train,9.513575553894045
7,austen,22,baum,9.70845775604248
7,austen,22,thompson,9.785723686218262
7,austen,22,dickens,9.673290994432238
7,austen,22,melville,9.739240805308023
7,austen,22,wells,9.701767285664875
7,austen,22,austen,9.516560554504396
7,austen,22,fitzgerald,9.746742075139826
7,austen,22,twain,9.727066113398624
7,austen,23,train,9.46057357788086
7,austen,23,baum,9.66458625793457
7,austen,23,thompson,9.745285352071129
7,austen,23,dickens,9.626999219258629
7,austen,23,melville,9.6972869237264
7,austen,23,wells,9.657850901285808
7,austen,23,austen,9.464303588867187
7,austen,23,fitzgerald,9.703657670454543
7,austen,23,twain,9.68444956265963
7,austen,24,train,9.40922031402588
7,austen,24,baum,9.62113037109375
7,austen,24,thompson,9.705028851826986
7,austen,24,dickens,9.581423388587105
7,austen,24,melville,9.655707518259684
7,austen,24,wells,9.613706429799398
7,austen,24,austen,9.412110996246335
7,austen,24,fitzgerald,9.661452726884322
7,austen,24,twain,9.64115128150353
7,austen,25,train,9.345941543579102
7,austen,25,baum,9.57813091278076
7,austen,25,thompson,9.665280024210611
7,austen,25,dickens,9.536741309695774
7,austen,25,melville,9.614789326985678
7,austen,25,wells,9.571008205413818
7,austen,25,austen,9.360788345336914
7,austen,25,fitzgerald,9.620158802379262
7,austen,25,twain,9.599197681133564
7,austen,26,train,9.296912002563475
7,austen,26,baum,9.5355712890625
7,austen,26,thompson,9.625354131062826
7,austen,26,dickens,9.491171518961588
7,austen,26,melville,9.573683420817057
7,austen,26,wells,9.527584393819174
7,austen,26,austen,9.31003475189209
7,austen,26,fitzgerald,9.57780933380127
7,austen,26,twain,9.556416511535645
7,austen,27,train,9.24619197845459
7,austen,27,baum,9.493888473510742
7,austen,27,thompson,9.586954434712728
7,austen,27,dickens,9.447682751549614
7,austen,27,melville,9.533680121103922
7,austen,27,wells,9.48623021443685
7,austen,27,austen,9.259700107574464
7,austen,27,fitzgerald,9.537504542957652
7,austen,27,twain,9.515725429241474
7,austen,28,train,9.189657020568848
7,austen,28,baum,9.452434539794922
7,austen,28,thompson,9.548732121785482
7,austen,28,dickens,9.404305140177408
7,austen,28,melville,9.494313557942707
7,austen,28,wells,9.444734891255695
7,austen,28,austen,9.210054969787596
7,austen,28,fitzgerald,9.497216311368076
7,austen,28,twain,9.474677159236029
7,austen,29,train,9.14430923461914
7,austen,29,baum,9.411438941955566
7,austen,29,thompson,9.510701497395834
7,austen,29,dickens,9.36070320341322
7,austen,29,melville,9.45437717437744
7,austen,29,wells,9.40339994430542
7,austen,29,austen,9.160826492309573
7,austen,29,fitzgerald,9.456862449645996
7,austen,29,twain,9.4342439358051
7,austen,30,train,9.085070610046388
7,austen,30,baum,9.370948791503906
7,austen,30,thompson,9.473682085673014
7,austen,30,dickens,9.318092876010471
7,austen,30,melville,9.415916919708252
7,austen,30,wells,9.362573941548666
7,austen,30,austen,9.111604785919187
7,austen,30,fitzgerald,9.418088392777875
7,austen,30,twain,9.39391928452712
7,austen,31,train,9.03914852142334
7,austen,31,baum,9.33016185760498
7,austen,31,thompson,9.4360990524292
7,austen,31,dickens,9.274747689565023
7,austen,31,melville,9.377317905426024
7,austen,31,wells,9.32156467437744
7,austen,31,austen,9.063138103485109
7,austen,31,fitzgerald,9.37776045365767
7,austen,31,twain,9.353933114271898
7,austen,32,train,8.982760810852051
7,austen,32,baum,9.291116905212402
7,austen,32,thompson,9.400439262390137
7,austen,32,dickens,9.23389048046536
7,austen,32,melville,9.339445432027182
7,austen,32,wells,9.282813231150309
7,austen,32,austen,9.015306854248047
7,austen,32,fitzgerald,9.340340874411844
7,austen,32,twain,9.315344590407152
7,austen,33,train,8.929786872863769
7,austen,33,baum,9.25219612121582
7,austen,33,thompson,9.365263938903809
7,austen,33,dickens,9.193174203236898
7,austen,33,melville,9.303469975789389
7,austen,33,wells,9.243831475575766
7,austen,33,austen,8.968054962158202
7,austen,33,fitzgerald,9.303217627785422
7,austen,33,twain,9.276973210848295
7,austen,34,train,8.880505561828613
7,austen,34,baum,9.212128257751464
7,austen,34,thompson,9.327810605367024
7,austen,34,dickens,9.15068859524197
7,austen,34,melville,9.265245278676352
7,austen,34,wells,9.203653653462728
7,austen,34,austen,8.921590042114257
7,austen,34,fitzgerald,9.263635808771308
7,austen,34,twain,9.237785706153282
7,austen,35,train,8.836517524719238
7,austen,35,baum,9.173916053771972
7,austen,35,thompson,9.293256123860678
7,austen,35,dickens,9.110810650719536
7,austen,35,melville,9.229033946990969
7,austen,35,wells,9.165613333384195
7,austen,35,austen,8.874932193756104
7,austen,35,fitzgerald,9.227436845952814
7,austen,35,twain,9.200212698716385
7,austen,36,train,8.797818374633788
7,austen,36,baum,9.135442924499513
7,austen,36,thompson,9.25803248087565
7,austen,36,dickens,9.07042439778646
7,austen,36,melville,9.192785580952965
7,austen,36,wells,9.127109050750732
7,austen,36,austen,8.829305267333984
7,austen,36,fitzgerald,9.19017202203924
7,austen,36,twain,9.162392762991098
7,austen,37,train,8.743906021118164
7,austen,37,baum,9.097852325439453
7,austen,37,thompson,9.223454157511393
7,austen,37,dickens,9.030795998043484
7,austen,37,melville,9.157041867574057
7,austen,37,wells,9.08964999516805
7,austen,37,austen,8.783981704711914
7,austen,37,fitzgerald,9.153681494972922
7,austen,37,twain,9.125679089472843
7,austen,38,train,8.694783020019532
7,austen,38,baum,9.061868286132812
7,austen,38,thompson,9.190941174825031
7,austen,38,dickens,8.993182235293919
7,austen,38,melville,9.1228453318278
7,austen,38,wells,9.053606033325195
7,austen,38,austen,8.739211273193359
7,austen,38,fitzgerald,9.119627605785023
7,austen,38,twain,9.089832672706017
7,austen,39,train,8.66241512298584
7,austen,39,baum,9.024333953857422
7,austen,39,thompson,9.156160036722818
7,austen,39,dickens,8.95308287938436
7,austen,39,melville,9.087295055389404
7,austen,39,wells,9.015694618225098
7,austen,39,austen,8.694735717773437
7,austen,39,fitzgerald,9.082749713550914
7,austen,39,twain,9.052730560302734
7,austen,40,train,8.597885894775391
7,austen,40,baum,8.988503646850585
7,austen,40,thompson,9.123451868693031
7,austen,40,dickens,8.915355258517796
7,austen,40,melville,9.052794615427652
7,austen,40,wells,8.979039033253988
7,austen,40,austen,8.650713920593262
7,austen,40,fitzgerald,9.048170783303
7,austen,40,twain,9.017295690683218
7,austen,41,train,8.567754745483398
7,austen,41,baum,8.952900695800782
7,austen,41,thompson,9.091044108072916
7,austen,41,dickens,8.877821816338432
7,austen,41,melville,9.019339561462402
7,austen,41,wells,8.943628152211508
7,austen,41,austen,8.607392406463623
7,austen,41,fitzgerald,9.013757012107156
7,austen,41,twain,8.98218374985915
7,austen,42,train,8.514048194885254
7,austen,42,baum,8.917679977416991
7,austen,42,thompson,9.058289210001629
7,austen,42,dickens,8.840130805969238
7,austen,42,melville,8.985092798868815
7,austen,42,wells,8.907788276672363
7,austen,42,austen,8.56467580795288
7,austen,42,fitzgerald,8.979450399225408
7,austen,42,twain,8.94700446495643
7,austen,43,train,8.476376342773438
7,austen,43,baum,8.882787895202636
7,austen,43,thompson,9.02657159169515
7,austen,43,dickens,8.803924083709717
7,austen,43,melville,8.952165285746256
7,austen,43,wells,8.872674783070883
7,austen,43,austen,8.522562885284424
7,austen,43,fitzgerald,8.946262966502797
7,austen,43,twain,8.912715691786547
7,austen,44,train,8.430299377441406
7,austen,44,baum,8.848531150817871
7,austen,44,thompson,8.995009422302246
7,austen,44,dickens,8.767623901367188
7,austen,44,melville,8.920347531636557
7,austen,44,wells,8.838195323944092
7,austen,44,austen,8.480852031707764
7,austen,44,fitzgerald,8.912672736428
7,austen,44,twain,8.878907423753004
7,austen,45,train,8.397292518615723
7,austen,45,baum,8.81488914489746
7,austen,45,thompson,8.96422036488851
7,austen,45,dickens,8.731987317403158
7,austen,45,melville,8.887806415557861
7,austen,45,wells,8.804312864939371
7,austen,45,austen,8.439594650268555
7,austen,45,fitzgerald,8.880056381225586
7,austen,45,twain,8.845710974473219
7,austen,46,train,8.33643398284912
7,austen,46,baum,8.782045555114745
7,austen,46,thompson,8.934722264607748
7,austen,46,dickens,8.697867234547934
7,austen,46,melville,8.85752248764038
7,austen,46,wells,8.771351019541422
7,austen,46,austen,8.39893798828125
7,austen,46,fitzgerald,8.848772742531516
7,austen,46,twain,8.813308055584248
7,austen,47,train,8.299397850036621
7,austen,47,baum,8.74905891418457
7,austen,47,thompson,8.904142379760742
7,austen,47,dickens,8.662807835472954
7,austen,47,melville,8.825290362040201
7,austen,47,wells,8.737961292266846
7,austen,47,austen,8.358667659759522
7,austen,47,fitzgerald,8.816713333129883
7,austen,47,twain,8.780490435086763
7,austen,48,train,8.253858375549317
7,austen,48,baum,8.716859436035156
7,austen,48,thompson,8.874957084655762
7,austen,48,dickens,8.629249042934841
7,austen,48,melville,8.795126756032309
7,austen,48,wells,8.705624421437582
7,austen,48,austen,8.319350624084473
7,austen,48,fitzgerald,8.785512057217685
7,austen,48,twain,8.748863660372221
7,austen,49,train,8.207937622070313
7,austen,49,baum,8.686179542541504
7,austen,49,thompson,8.84767214457194
7,austen,49,dickens,8.597755697038439
7,austen,49,melville,8.76626714070638
7,austen,49,wells,8.674979050954184
7,austen,49,austen,8.280824947357178
7,austen,49,fitzgerald,8.75648021697998
7,austen,49,twain,8.718520384568434
7,austen,50,train,8.176153373718261
7,austen,50,baum,8.653274726867675
7,austen,50,thompson,8.817669868469238
7,austen,50,dickens,8.562945259941948
7,austen,50,melville,8.735065619150797
7,austen,50,wells,8.64229965209961
7,austen,50,austen,8.2419903755188
7,austen,50,fitzgerald,8.724588307467373
7,austen,50,twain,8.686618658212515
7,austen,51,train,8.138204956054688
7,austen,51,baum,8.622549247741699
7,austen,51,thompson,8.790135701497396
7,austen,51,dickens,8.530249966515434
7,austen,51,melville,8.705794334411621
7,austen,51,wells,8.610916137695312
7,austen,51,austen,8.203570461273193
7,austen,51,fitzgerald,8.6947285045277
7,austen,51,twain,8.656423201927772
7,austen,52,train,8.082941627502441
7,austen,52,baum,8.591858291625977
7,austen,52,thompson,8.762767473856607
7,austen,52,dickens,8.498597780863443
7,austen,52,melville,8.67695156733195
7,austen,52,wells,8.580031077067057
7,austen,52,austen,8.16582441329956
7,austen,52,fitzgerald,8.665696490894664
7,austen,52,twain,8.626027180598332
7,austen,53,train,8.054055976867676
7,austen,53,baum,8.561860275268554
7,austen,53,thompson,8.73524030049642
7,austen,53,dickens,8.466583887736002
7,austen,53,melville,8.648197333017984
7,austen,53,wells,8.550085067749023
7,austen,53,austen,8.128640842437743
7,austen,53,fitzgerald,8.636623989452016
7,austen,53,twain,8.59660684145414
7,austen,54,train,8.008813381195068
7,austen,54,baum,8.53211555480957
7,austen,54,thompson,8.708982149759928
7,austen,54,dickens,8.436001194847954
7,austen,54,melville,8.620456059773764
7,austen,54,wells,8.519795417785645
7,austen,54,austen,8.09190492630005
7,austen,54,fitzgerald,8.608300122347744
7,austen,54,twain,8.567389488220215
7,austen,55,train,7.980868339538574
7,austen,55,baum,8.502904510498047
7,austen,55,thompson,8.682836850484213
7,austen,55,dickens,8.405093246036106
7,austen,55,melville,8.592657725016275
7,austen,55,wells,8.490541458129883
7,austen,55,austen,8.056063270568847
7,austen,55,fitzgerald,8.580251693725586
7,austen,55,twain,8.538426912747896
7,austen,56,train,7.945164203643799
7,austen,56,baum,8.473306846618652
7,austen,56,thompson,8.656350135803223
7,austen,56,dickens,8.374358177185059
7,austen,56,melville,8.565497398376465
7,austen,56,wells,8.460817813873291
7,austen,56,austen,8.020524024963379
7,austen,56,fitzgerald,8.551826650446111
7,austen,56,twain,8.509689331054688
7,austen,57,train,7.902352237701416
7,austen,57,baum,8.445820999145507
7,austen,57,thompson,8.631438255310059
7,austen,57,dickens,8.34522369172838
7,austen,57,melville,8.538527488708496
7,austen,57,wells,8.43289073308309
7,austen,57,austen,7.985766458511352
7,austen,57,fitzgerald,8.525342507795854
7,austen,57,twain,8.482489292438213
7,austen,58,train,7.877290058135986
7,austen,58,baum,8.417571449279786
7,austen,58,thompson,8.60617446899414
7,austen,58,dickens,8.315414958530003
7,austen,58,melville,8.51215918858846
7,austen,58,wells,8.40415652592977
7,austen,58,austen,7.951228666305542
7,austen,58,fitzgerald,8.497861862182617
7,austen,58,twain,8.45464119544396
7,austen,59,train,7.83644552230835
7,austen,59,baum,8.390401458740234
7,austen,59,thompson,8.581828753153482
7,austen,59,dickens,8.286894957224527
7,austen,59,melville,8.486435254414877
7,austen,59,wells,8.376729170481363
7,austen,59,austen,7.917291355133057
7,austen,59,fitzgerald,8.47184571352872
7,austen,59,twain,8.427791228661171
7,austen,60,train,7.781237030029297
7,austen,60,baum,8.363739204406738
7,austen,60,thompson,8.55819320678711
7,austen,60,dickens,8.259198824564615
7,austen,60,melville,8.461474736531576
7,austen,60,wells,8.350368022918701
7,austen,60,austen,7.883809566497803
7,austen,60,fitzgerald,8.446384343233975
7,austen,60,twain,8.401914449838491
7,austen,61,train,7.770442771911621
7,austen,61,baum,8.337685203552246
7,austen,61,thompson,8.534615834554037
7,austen,61,dickens,8.231358846028646
7,austen,61,melville,8.436395963033041
7,austen,61,wells,8.323575973510742
7,austen,61,austen,7.850876522064209
7,austen,61,fitzgerald,8.421200318769975
7,austen,61,twain,8.375660602863018
7,austen,62,train,7.735177993774414
7,austen,62,baum,8.3108699798584
7,austen,62,thompson,8.510486284891764
7,austen,62,dickens,8.203332053290474
7,austen,62,melville,8.411171436309814
7,austen,62,wells,8.2963760693868
7,austen,62,austen,7.818263483047485
7,austen,62,fitzgerald,8.395364154468883
7,austen,62,twain,8.3494019141564
7,austen,63,train,7.708738231658936
7,austen,63,baum,8.28530387878418
7,austen,63,thompson,8.488340377807617
7,austen,63,dickens,8.176687505510118
7,austen,63,melville,8.387375672658285
7,austen,63,wells,8.27109400431315
7,austen,63,austen,7.786070871353149
7,austen,63,fitzgerald,8.37118131464178
7,austen,63,twain,8.324497883136456
7,austen,64,train,7.670914077758789
7,austen,64,baum,8.26021785736084
7,austen,64,thompson,8.46569029490153
7,austen,64,dickens,8.150113158755833
7,austen,64,melville,8.363005797068277
7,austen,64,wells,8.245099226633707
7,austen,64,austen,7.754750728607178
7,austen,64,fitzgerald,8.346532474864613
7,austen,64,twain,8.299398642319899
7,austen,65,train,7.639528369903564
7,austen,65,baum,8.23515682220459
7,austen,65,thompson,8.443343162536621
7,austen,65,dickens,8.123954402075874
7,austen,65,melville,8.339264233907064
7,austen,65,wells,8.2199018796285
7,austen,65,austen,7.723886346817016
7,austen,65,fitzgerald,8.32275676727295
7,austen,65,twain,8.274690774770884
7,austen,66,train,7.602154064178467
7,austen,66,baum,8.211141967773438
7,austen,66,thompson,8.422317822774252
7,austen,66,dickens,8.098500516679552
7,austen,66,melville,8.316425959269205
7,austen,66,wells,8.195509592692057
7,austen,66,austen,7.693427228927613
7,austen,66,fitzgerald,8.299370245500045
7,austen,66,twain,8.25101507627047
7,austen,67,train,7.575656604766846
7,austen,67,baum,8.186924362182618
7,austen,67,thompson,8.401084264119467
7,austen,67,dickens,8.07312305768331
7,austen,67,melville,8.29343064626058
7,austen,67,wells,8.170702775319418
7,austen,67,austen,7.663337659835816
7,austen,67,fitzgerald,8.275959795171564
7,austen,67,twain,8.226951819199781
7,austen,68,train,7.530300045013428
7,austen,68,baum,8.163852119445801
7,austen,68,thompson,8.380676905314127
7,austen,68,dickens,8.049208323160807
7,austen,68,melville,8.271522363026937
7,austen,68,wells,8.1478058497111
7,austen,68,austen,7.634062337875366
7,austen,68,fitzgerald,8.254094383933328
7,austen,68,twain,8.204486773564266
7,austen,69,train,7.499875926971436
7,austen,69,baum,8.14094123840332
7,austen,69,thompson,8.36054801940918
7,austen,69,dickens,8.025311814414131
7,austen,69,melville,8.250285466512045
7,austen,69,wells,8.124010880788168
7,austen,69,austen,7.605189180374145
7,austen,69,fitzgerald,8.231959256258877
7,austen,69,twain,8.18137344947228
7,austen,70,train,7.4664732933044435
7,austen,70,baum,8.118249130249023
7,austen,70,thompson,8.340945879618326
7,austen,70,dickens,8.001622120539347
7,austen,70,melville,8.228631496429443
7,austen,70,wells,8.101703325907389
7,austen,70,austen,7.576669502258301
7,austen,70,fitzgerald,8.21047323400324
7,austen,70,twain,8.159527118389423
7,austen,71,train,7.441543483734131
7,austen,71,baum,8.095571613311767
7,austen,71,thompson,8.321196556091309
7,austen,71,dickens,7.978375249438816
7,austen,71,melville,8.208501497904459
7,austen,71,wells,8.07908582687378
7,austen,71,austen,7.549032497406006
7,austen,71,fitzgerald,8.189143701033158
7,austen,71,twain,8.137422708364634
7,austen,72,train,7.418783855438233
7,austen,72,baum,8.073949527740478
7,austen,72,thompson,8.30232842763265
7,austen,72,dickens,7.955211824840969
7,austen,72,melville,8.187408288319906
7,austen,72,wells,8.05704657236735
7,austen,72,austen,7.521349859237671
7,austen,72,fitzgerald,8.167976205999201
7,austen,72,twain,8.115974499629093
7,austen,73,train,7.370220756530761
7,austen,73,baum,8.051775932312012
7,austen,73,thompson,8.283209164937338
7,austen,73,dickens,7.932512150870429
7,austen,73,melville,8.16722313563029
7,austen,73,wells,8.03503386179606
7,austen,73,austen,7.493952083587646
7,austen,73,fitzgerald,8.14711180600253
7,austen,73,twain,8.094662482921894
7,austen,74,train,7.348950386047363
7,austen,74,baum,8.030208969116211
7,austen,74,thompson,8.264404296875
7,austen,74,dickens,7.909916162490845
7,austen,74,melville,8.146769603093466
7,austen,74,wells,8.013776302337646
7,austen,74,austen,7.467245435714721
7,austen,74,fitzgerald,8.126750079068271
7,austen,74,twain,8.073720675248365
7,austen,75,train,7.315591621398926
7,austen,75,baum,8.009137058258057
7,austen,75,thompson,8.24588934580485
7,austen,75,dickens,7.887851238250732
7,austen,75,melville,8.126995086669922
7,austen,75,wells,7.99238936106364
7,austen,75,austen,7.440648221969605
7,austen,75,fitzgerald,8.106282364238393
7,austen,75,twain,8.052975507882925
7,austen,76,train,7.302437686920166
7,austen,76,baum,7.988341808319092
7,austen,76,thompson,8.228187561035156
7,austen,76,dickens,7.8665209081437855
7,austen,76,melville,8.107876857121786
7,austen,76,wells,7.972279230753581
7,austen,76,austen,7.414716911315918
7,austen,76,fitzgerald,8.086999676444314
7,austen,76,twain,8.033230047959547
7,austen,77,train,7.27297306060791
7,austen,77,baum,7.968352890014648
7,austen,77,thompson,8.21068000793457
7,austen,77,dickens,7.845909568998548
7,austen,77,melville,8.089041709899902
7,austen,77,wells,7.951905091603597
7,austen,77,austen,7.3892536640167235
7,austen,77,fitzgerald,8.067916003140537
7,austen,77,twain,8.013501534095177
7,austen,78,train,7.261904048919678
7,austen,78,baum,7.948455905914306
7,austen,78,thompson,8.193424542744955
7,austen,78,dickens,7.824749920103285
7,austen,78,melville,8.070274591445923
7,austen,78,wells,7.931826750437419
7,austen,78,austen,7.363980293273926
7,austen,78,fitzgerald,8.048834367231889
7,austen,78,twain,7.99392032623291
7,austen,79,train,7.220120048522949
7,austen,79,baum,7.928961658477784
7,austen,79,thompson,8.176762580871582
7,austen,79,dickens,7.804454406102498
7,austen,79,melville,8.052111228307089
7,austen,79,wells,7.912206808725993
7,austen,79,austen,7.3392274379730225
7,austen,79,fitzgerald,8.030335382981734
7,austen,79,twain,7.974877100724441
7,austen,80,train,7.175784873962402
7,austen,80,baum,7.910061168670654
7,austen,80,thompson,8.159937222798666
7,austen,80,dickens,7.784302367104424
7,austen,80,melville,8.033882300059
7,austen,80,wells,7.892893075942993
7,austen,80,austen,7.315138673782348
7,austen,80,fitzgerald,8.012394384904342
7,austen,80,twain,7.956096135652983
7,austen,81,train,7.1561986923217775
7,austen,81,baum,7.891849899291992
7,austen,81,thompson,8.144260088602701
7,austen,81,dickens,7.765301836861504
7,austen,81,melville,8.016999324162802
7,austen,81,wells,7.874528090159099
7,austen,81,austen,7.2914879322052
7,austen,81,fitzgerald,7.995074055411599
7,austen,81,twain,7.938328999739427
7,austen,82,train,7.1505763053894045
7,austen,82,baum,7.873308086395264
7,austen,82,thompson,8.128331502278646
7,austen,82,dickens,7.746023893356323
7,austen,82,melville,7.999627987543742
7,austen,82,wells,7.855929851531982
7,austen,82,austen,7.268568086624145
7,austen,82,fitzgerald,7.9774297367442735
7,austen,82,twain,7.9202075738173265
7,austen,83,train,7.113749980926514
7,austen,83,baum,7.855669975280762
7,austen,83,thompson,8.112689336140951
7,austen,83,dickens,7.727187077204387
7,austen,83,melville,7.982637405395508
7,austen,83,wells,7.837976853052775
7,austen,83,austen,7.245657634735108
7,austen,83,fitzgerald,7.960725090720435
7,austen,83,twain,7.902885253612812
7,austen,84,train,7.091602611541748
7,austen,84,baum,7.838421058654785
7,austen,84,thompson,8.098372141520182
7,austen,84,dickens,7.709330373340183
7,austen,84,melville,7.967246214548747
7,austen,84,wells,7.8209372361501055
7,austen,84,austen,7.2236823558807375
7,austen,84,fitzgerald,7.944597027518532
7,austen,84,twain,7.886044208820049
7,austen,85,train,7.067501544952393
7,austen,85,baum,7.821397686004639
7,austen,85,thompson,8.083548227945963
7,austen,85,dickens,7.6912515428331165
7,austen,85,melville,7.950274626413981
7,austen,85,wells,7.803055127461751
7,austen,85,austen,7.20188193321228
7,austen,85,fitzgerald,7.927983110601252
7,austen,85,twain,7.869097269498384
7,austen,86,train,7.065655899047852
7,austen,86,baum,7.804573822021484
7,austen,86,thompson,8.069160143534342
7,austen,86,dickens,7.6732306480407715
7,austen,86,melville,7.934775273005168
7,austen,86,wells,7.786060015360515
7,austen,86,austen,7.180396652221679
7,austen,86,fitzgerald,7.912224942987615
7,austen,86,twain,7.852619684659517
7,austen,87,train,7.009280872344971
7,austen,87,baum,7.78891077041626
7,austen,87,thompson,8.055616696675619
7,austen,87,dickens,7.656799528333876
7,austen,87,melville,7.920018593470256
7,austen,87,wells,7.770634651184082
7,austen,87,austen,7.159614181518554
7,austen,87,fitzgerald,7.897413643923673
7,austen,87,twain,7.837638818300688
7,austen,88,train,7.034114360809326
7,austen,88,baum,7.772487449645996
7,austen,88,thompson,8.041733105977377
7,austen,88,dickens,7.639378918541802
7,austen,88,melville,7.904817581176758
7,austen,88,wells,7.75301194190979
7,austen,88,austen,7.138610887527466
7,austen,88,fitzgerald,7.881594181060791
7,austen,88,twain,7.820977467757005
7,austen,89,train,6.976984691619873
7,austen,89,baum,7.757048416137695
7,austen,89,thompson,8.028749465942383
7,austen,89,dickens,7.623449590471056
7,austen,89,melville,7.889301379521687
7,austen,89,wells,7.737253586451213
7,austen,89,austen,7.118275833129883
7,austen,89,fitzgerald,7.866782101717862
7,austen,89,twain,7.805826260493352
7,austen,90,train,6.944786548614502
7,austen,90,baum,7.742027568817138
7,austen,90,thompson,8.015604496002197
7,austen,90,dickens,7.607299274868435
7,austen,90,melville,7.875132878621419
7,austen,90,wells,7.721546252568562
7,austen,90,austen,7.098568725585937
7,austen,90,fitzgerald,7.852394494143399
7,austen,90,twain,7.790728605710543
7,austen,91,train,6.946523284912109
7,austen,91,baum,7.727317523956299
7,austen,91,thompson,8.00390879313151
7,austen,91,dickens,7.592082977294922
7,austen,91,melville,7.861891508102417
7,austen,91,wells,7.7070198853810625
7,austen,91,austen,7.079515933990479
7,austen,91,fitzgerald,7.8385467095808545
7,austen,91,twain,7.776455072256235
7,austen,92,train,6.930156707763672
7,austen,92,baum,7.713056755065918
7,austen,92,thompson,7.991611480712891
7,austen,92,dickens,7.576309574974908
7,austen,92,melville,7.846749385197957
7,austen,92,wells,7.691900014877319
7,austen,92,austen,7.060358905792237
7,austen,92,fitzgerald,7.824693289670077
7,austen,92,twain,7.762252514178936
7,austen,93,train,6.8875319480896
7,austen,93,baum,7.698161315917969
7,austen,93,thompson,7.979152838389079
7,austen,93,dickens,7.561217546463013
7,austen,93,melville,7.8338844776153564
7,austen,93,wells,7.676668167114258
7,austen,93,austen,7.042040538787842
7,austen,93,fitzgerald,7.810850273479115
7,austen,93,twain,7.747567140139067
7,austen,94,train,6.858659839630127
7,austen,94,baum,7.685167694091797
7,austen,94,thompson,7.968098799387614
7,austen,94,dickens,7.546896563635932
7,austen,94,melville,7.820788542429606
7,austen,94,wells,7.663442214330037
7,austen,94,austen,7.024158716201782
7,austen,94,fitzgerald,7.798211574554443
7,austen,94,twain,7.734537601470947
7,austen,95,train,6.860158824920655
7,austen,95,baum,7.670990753173828
7,austen,95,thompson,7.956588904062907
7,austen,95,dickens,7.532061550352308
7,austen,95,melville,7.808172543843587
7,austen,95,wells,7.649060169855754
7,austen,95,austen,7.006130123138428
7,austen,95,fitzgerald,7.784889481284401
7,austen,95,twain,7.721182052905743
7,austen,96,train,6.835752868652344
7,austen,96,baum,7.657189846038818
7,austen,96,thompson,7.944618384043376
7,austen,96,dickens,7.518039729860094
7,austen,96,melville,7.794455051422119
7,austen,96,wells,7.634339332580566
7,austen,96,austen,6.988385486602783
7,austen,96,fitzgerald,7.771817120638761
7,austen,96,twain,7.70739456323477
7,austen,97,train,6.81327486038208
7,austen,97,baum,7.6442302703857425
7,austen,97,thompson,7.93412431081136
7,austen,97,dickens,7.504535595575969
7,austen,97,melville,7.782568693161011
7,austen,97,wells,7.621485153834025
7,austen,97,austen,6.97127423286438
7,austen,97,fitzgerald,7.759652831337669
7,austen,97,twain,7.695068432734563
7,austen,98,train,6.808814239501953
7,austen,98,baum,7.631792068481445
7,austen,98,thompson,7.923815250396728
7,austen,98,dickens,7.491626421610515
7,austen,98,melville,7.770920674006144
7,austen,98,wells,7.608388185501099
7,austen,98,austen,6.954626607894897
7,austen,98,fitzgerald,7.747929573059082
7,austen,98,twain,7.682633583362286
7,austen,99,train,6.812105178833008
7,austen,99,baum,7.618930625915527
7,austen,99,thompson,7.912735939025879
7,austen,99,dickens,7.47832285033332
7,austen,99,melville,7.758064031600952
7,austen,99,wells,7.595251242319743
7,austen,99,austen,6.938219833374023
7,austen,99,fitzgerald,7.736063567074862
7,austen,99,twain,7.670214029458853
7,austen,100,train,6.7592058181762695
7,austen,100,baum,7.606909084320068
7,austen,100,thompson,7.902713616689046
7,austen,100,dickens,7.465754985809326
7,austen,100,melville,7.746834595998128
7,austen,100,wells,7.582314411799113
7,austen,100,austen,6.922419881820678
7,austen,100,fitzgerald,7.724268826571378
7,austen,100,twain,7.6576477931096
7,austen,101,train,6.75946798324585
7,austen,101,baum,7.595478820800781
7,austen,101,thompson,7.893124580383301
7,austen,101,dickens,7.453307231267293
7,austen,101,melville,7.735655466715495
7,austen,101,wells,7.570618708928426
7,austen,101,austen,6.906330013275147
7,austen,101,fitzgerald,7.713163159110329
7,austen,101,twain,7.646854033836951
7,austen,102,train,6.732653045654297
7,austen,102,baum,7.58345594406128
7,austen,102,thompson,7.883248011271159
7,austen,102,dickens,7.441120730506049
7,austen,102,melville,7.7246246337890625
7,austen,102,wells,7.558166821797688
7,austen,102,austen,6.8908453464508055
7,austen,102,fitzgerald,7.702004649422386
7,austen,102,twain,7.635061850914588
7,austen,103,train,6.707573413848877
7,austen,103,baum,7.572140502929687
7,austen,103,thompson,7.873628457387288
7,austen,103,dickens,7.429355118009779
7,austen,103,melville,7.713365157445271
7,austen,103,wells,7.546031475067139
7,austen,103,austen,6.875623798370361
7,austen,103,fitzgerald,7.691180836070668
7,austen,103,twain,7.6235755406893215
7,austen,104,train,6.719751262664795
7,austen,104,baum,7.560503101348877
7,austen,104,thompson,7.86451784769694
7,austen,104,dickens,7.417676316367255
7,austen,104,melville,7.703043142954509
7,austen,104,wells,7.534499883651733
7,austen,104,austen,6.860441732406616
7,austen,104,fitzgerald,7.6807708306746045
7,austen,104,twain,7.61268006838285
7,austen,105,train,6.6910719871521
7,austen,105,baum,7.549707508087158
7,austen,105,thompson,7.855915228525798
7,austen,105,dickens,7.406657404369778
7,austen,105,melville,7.6928902467091875
7,austen,105,wells,7.523269812266032
7,austen,105,austen,6.845798921585083
7,austen,105,fitzgerald,7.670577222650701
7,austen,105,twain,7.601690989274245
7,austen,106,train,6.66121826171875
7,austen,106,baum,7.538666343688964
7,austen,106,thompson,7.846828142801921
7,austen,106,dickens,7.395400338702732
7,austen,106,melville,7.682006518046061
7,austen,106,wells,7.51189390818278
7,austen,106,austen,6.830977153778076
7,austen,106,fitzgerald,7.660376028581099
7,austen,106,twain,7.591299093686617
7,austen,107,train,6.650223064422607
7,austen,107,baum,7.528786659240723
7,austen,107,thompson,7.838695685068767
7,austen,107,dickens,7.385116948021783
7,austen,107,melville,7.67273751894633
7,austen,107,wells,7.501587549845378
7,austen,107,austen,6.816895818710327
7,austen,107,fitzgerald,7.650869369506836
7,austen,107,twain,7.581485821650578
7,austen,108,train,6.626858234405518
7,austen,108,baum,7.518586921691894
7,austen,108,thompson,7.829730828603108
7,austen,108,dickens,7.37421523200141
7,austen,108,melville,7.662437041600545
7,austen,108,wells,7.490851720174153
7,austen,108,austen,6.803360319137573
7,austen,108,fitzgerald,7.641283468766645
7,austen,108,twain,7.571283303774321
7,austen,109,train,6.644132804870606
7,austen,109,baum,7.508318138122559
7,austen,109,thompson,7.821043332417806
7,austen,109,dickens,7.363736020194159
7,austen,109,melville,7.65205438931783
7,austen,109,wells,7.479882876078288
7,austen,109,austen,6.790364217758179
7,austen,109,fitzgerald,7.631149768829346
7,austen,109,twain,7.561333362872784
7,austen,110,train,6.5881171226501465
7,austen,110,baum,7.498191928863525
7,austen,110,thompson,7.813220183054606
7,austen,110,dickens,7.353539943695068
7,austen,110,melville,7.643311023712158
7,austen,110,wells,7.468747854232788
7,austen,110,austen,6.777318477630615
7,austen,110,fitzgerald,7.621798645366322
7,austen,110,twain,7.551256730006291
7,austen,111,train,6.617652320861817
7,austen,111,baum,7.488078498840332
7,austen,111,thompson,7.804037094116211
7,austen,111,dickens,7.343252446916368
7,austen,111,melville,7.632427374521892
7,austen,111,wells,7.458540121714274
7,austen,111,austen,6.764736795425415
7,austen,111,fitzgerald,7.612309802662242
7,austen,111,twain,7.541174741891714
7,austen,112,train,6.570398712158204
7,austen,112,baum,7.477423572540284
7,austen,112,thompson,7.795578002929687
7,austen,112,dickens,7.333255847295125
7,austen,112,melville,7.622676610946655
7,austen,112,wells,7.447228113810222
7,austen,112,austen,6.7520284175872805
7,austen,112,fitzgerald,7.602556662126019
7,austen,112,twain,7.531072579897367
7,austen,113,train,6.587640762329102
7,austen,113,baum,7.467074394226074
7,austen,113,thompson,7.787466208140056
7,austen,113,dickens,7.323431173960368
7,austen,113,melville,7.612884998321533
7,austen,113,wells,7.436670303344727
7,austen,113,austen,6.739615392684937
7,austen,113,fitzgerald,7.593134663321755
7,austen,113,twain,7.5210406596844015
7,austen,114,train,6.571232223510743
7,austen,114,baum,7.457134246826172
7,austen,114,thompson,7.77874485651652
7,austen,114,dickens,7.313218593597412
7,austen,114,melville,7.602678934733073
7,austen,114,wells,7.425920883814494
7,austen,114,austen,6.726787662506103
7,austen,114,fitzgerald,7.583770751953125
7,austen,114,twain,7.511163748227632
7,austen,115,train,6.5412797927856445
7,austen,115,baum,7.448684120178223
7,austen,115,thompson,7.77222220102946
7,austen,115,dickens,7.304290480083889
7,austen,115,melville,7.5950245062510175
7,austen,115,wells,7.416294892628987
7,austen,115,austen,6.714941787719726
7,austen,115,fitzgerald,7.575647830963135
7,austen,115,twain,7.502423763275146
7,austen,116,train,6.539764881134033
7,austen,116,baum,7.440378475189209
7,austen,116,thompson,7.764816761016846
7,austen,116,dickens,7.295294867621528
7,austen,116,melville,7.586025953292847
7,austen,116,wells,7.407520055770874
7,austen,116,austen,6.703062391281128
7,austen,116,fitzgerald,7.567328149622137
7,austen,116,twain,7.494023579817552
7,austen,117,train,6.507901000976562
7,austen,117,baum,7.431771850585937
7,austen,117,thompson,7.757310072580974
7,austen,117,dickens,7.286544111039904
7,austen,117,melville,7.57746958732605
7,austen,117,wells,7.397274335225423
7,austen,117,austen,6.691516399383545
7,austen,117,fitzgerald,7.558903910896995
7,austen,117,twain,7.485177663656382
7,austen,118,train,6.50246524810791
7,austen,118,baum,7.423118305206299
7,austen,118,thompson,7.749327023824056
7,austen,118,dickens,7.277582618925306
7,austen,118,melville,7.568421999613444
7,austen,118,wells,7.387525240580241
7,austen,118,austen,6.680293035507202
7,austen,118,fitzgerald,7.550333283164284
7,austen,118,twain,7.475794278658354
7,austen,119,train,6.512381935119629
7,austen,119,baum,7.415248012542724
7,austen,119,thompson,7.74365758895874
7,austen,119,dickens,7.269265784157647
7,austen,119,melville,7.5609645048777265
7,austen,119,wells,7.379215240478516
7,austen,119,austen,6.669298267364502
7,austen,119,fitzgerald,7.5429254011674365
7,austen,119,twain,7.468284276815561
7,austen,120,train,6.480489921569824
7,austen,120,baum,7.405506324768067
7,austen,120,thompson,7.735414187113444
7,austen,120,dickens,7.260316954718696
7,austen,120,melville,7.552031596501668
7,austen,120,wells,7.368882179260254
7,austen,120,austen,6.658771514892578
7,austen,120,fitzgerald,7.533907977017489
7,austen,120,twain,7.458703737992507
7,austen,121,train,6.490838527679443
7,austen,121,baum,7.3986509323120115
7,austen,121,thompson,7.729214827219645
7,austen,121,dickens,7.251734150780572
7,austen,121,melville,7.544104099273682
7,austen,121,wells,7.360722700754802
7,austen,121,austen,6.648397779464721
7,austen,121,fitzgerald,7.526566115292636
7,austen,121,twain,7.451173562269944
7,austen,122,train,6.494348621368408
7,austen,122,baum,7.389229583740234
7,austen,122,thompson,7.7213748296101885
7,austen,122,dickens,7.24286421140035
7,austen,122,melville,7.535288016001384
7,austen,122,wells,7.3505434195200605
7,austen,122,austen,6.637797927856445
7,austen,122,fitzgerald,7.517432472922585
7,austen,122,twain,7.441869552318867
7,austen,123,train,6.437644672393799
7,austen,123,baum,7.382842350006103
7,austen,123,thompson,7.715891520182292
7,austen,123,dickens,7.235152959823608
7,austen,123,melville,7.528549512227376
7,austen,123,wells,7.343706766764323
7,austen,123,austen,6.627571439743042
7,austen,123,fitzgerald,7.511666601354426
7,austen,123,twain,7.435035999004658
7,austen,124,train,6.457917022705078
7,austen,124,baum,7.374747180938721
7,austen,124,thompson,7.708924452463786
7,austen,124,dickens,7.227176507314046
7,austen,124,melville,7.520390431086223
7,austen,124,wells,7.334941546122233
7,austen,124,austen,6.617186975479126
7,austen,124,fitzgerald,7.503488323905251
7,austen,124,twain,7.427196025848389
7,austen,125,train,6.429703235626221
7,austen,125,baum,7.36510419845581
7,austen,125,thompson,7.700887362162272
7,austen,125,dickens,7.218867328431871
7,austen,125,melville,7.511241356531779
7,austen,125,wells,7.324033657709758
7,austen,125,austen,6.606799554824829
7,austen,125,fitzgerald,7.494408347389915
7,austen,125,twain,7.417647251716027
7,austen,126,train,6.3957839012146
7,austen,126,baum,7.360196304321289
7,austen,126,thompson,7.697076320648193
7,austen,126,dickens,7.212357415093316
7,austen,126,melville,7.506030400594075
7,austen,126,wells,7.318694829940796
7,austen,126,austen,6.597113800048828
7,austen,126,fitzgerald,7.489769805561412
7,austen,126,twain,7.412253526540903
7,austen,127,train,6.398556327819824
7,austen,127,baum,7.353442764282226
7,austen,127,thompson,7.691165447235107
7,austen,127,dickens,7.204801850848728
7,austen,127,melville,7.499158938725789
7,austen,127,wells,7.311368862787883
7,austen,127,austen,6.587422132492065
7,austen,127,fitzgerald,7.482921426946467
7,austen,127,twain,7.405289356525127
7,austen,128,train,6.419093132019043
7,austen,128,baum,7.345314788818359
7,austen,128,thompson,7.684555689493815
7,austen,128,dickens,7.197371456358168
7,austen,128,melville,7.491926431655884
7,austen,128,wells,7.303669293721517
7,austen,128,austen,6.577257204055786
7,austen,128,fitzgerald,7.475870349190452
7,austen,128,twain,7.398198164426363
7,austen,129,train,6.370426177978516
7,austen,129,baum,7.33924674987793
7,austen,129,thompson,7.679506778717041
7,austen,129,dickens,7.190660211775038
7,austen,129,melville,7.486374139785767
7,austen,129,wells,7.296615521113078
7,austen,129,austen,6.568149566650391
7,austen,129,fitzgerald,7.470108682459051
7,austen,129,twain,7.391865987044114
7,austen,130,train,6.391324615478515
7,austen,130,baum,7.331020545959473
7,austen,130,thompson,7.671392440795898
7,austen,130,dickens,7.18256688117981
7,austen,130,melville,7.477399031321208
7,austen,130,wells,7.287681182225545
7,austen,130,austen,6.558628129959106
7,austen,130,fitzgerald,7.461699659174139
7,austen,130,twain,7.383268209604116
7,austen,131,train,6.341369247436523
7,austen,131,baum,7.32489709854126
7,austen,131,thompson,7.666699250539144
7,austen,131,dickens,7.175968911912706
7,austen,131,melville,7.471551895141602
7,austen,131,wells,7.281788905461629
7,austen,131,austen,6.549413967132568
7,austen,131,fitzgerald,7.456258296966553
7,austen,131,twain,7.377918573526236
7,austen,132,train,6.393946552276612
7,austen,132,baum,7.317598628997803
7,austen,132,thompson,7.660539468129476
7,austen,132,dickens,7.169062508477105
7,austen,132,melville,7.464563369750977
7,austen,132,wells,7.274186929066976
7,austen,132,austen,6.540470695495605
7,austen,132,fitzgerald,7.449656573208895
7,austen,132,twain,7.371316799750695
7,austen,133,train,6.351240253448486
7,austen,133,baum,7.308436107635498
7,austen,133,thompson,7.652024110158284
7,austen,133,dickens,7.161119805441962
7,austen,133,melville,7.454743941624959
7,austen,133,wells,7.263837814331055
7,austen,133,austen,6.531039094924926
7,austen,133,fitzgerald,7.441063143990257
7,austen,133,twain,7.361490763150728
7,austen,134,train,6.336420345306396
7,austen,134,baum,7.301449108123779
7,austen,134,thompson,7.646634737650554
7,austen,134,dickens,7.15446040365431
7,austen,134,melville,7.449422279993693
7,austen,134,wells,7.257330417633057
7,austen,134,austen,6.521586799621582
7,austen,134,fitzgerald,7.434795553034002
7,austen,134,twain,7.355658017672026
7,austen,135,train,6.337492275238037
7,austen,135,baum,7.296430587768555
7,austen,135,thompson,7.643301328023274
7,austen,135,dickens,7.148635334438747
7,austen,135,melville,7.445461432139079
7,austen,135,wells,7.252699295679728
7,austen,135,austen,6.512896871566772
7,austen,135,fitzgerald,7.430202093991366
7,austen,135,twain,7.3511391419630785
7,austen,136,train,6.317671298980713
7,austen,136,baum,7.290572738647461
7,austen,136,thompson,7.638280073801677
7,austen,136,dickens,7.14293556743198
7,austen,136,melville,7.440533638000488
7,austen,136,wells,7.246707995732625
7,austen,136,austen,6.504987573623657
7,austen,136,fitzgerald,7.425362500277433
7,austen,136,twain,7.344571333665114
7,austen,137,train,6.319193935394287
7,austen,137,baum,7.28192138671875
7,austen,137,thompson,7.630166689554851
7,austen,137,dickens,7.13492218653361
7,austen,137,melville,7.430474440256755
7,austen,137,wells,7.237463076909383
7,austen,137,austen,6.495607376098633
7,austen,137,fitzgerald,7.417095054279674
7,austen,137,twain,7.336726115300105
7,austen,138,train,6.284844398498535
7,austen,138,baum,7.273821544647217
7,austen,138,thompson,7.622297922770183
7,austen,138,dickens,7.127938403023614
7,austen,138,melville,7.422103643417358
7,austen,138,wells,7.229278802871704
7,austen,138,austen,6.487680244445801
7,austen,138,fitzgerald,7.4099343906749375
7,austen,138,twain,7.328481344076303
7,austen,139,train,6.323603534698487
7,austen,139,baum,7.268220233917236
7,austen,139,thompson,7.617702802022298
7,austen,139,dickens,7.12262675497267
7,austen,139,melville,7.4170645872751875
7,austen,139,wells,7.2232031027476
7,austen,139,austen,6.480518770217896
7,austen,139,fitzgerald,7.40471176667647
7,austen,139,twain,7.322820113255427
7,austen,140,train,6.2899199485778805
7,austen,140,baum,7.262543678283691
7,austen,140,thompson,7.612756252288818
7,austen,140,dickens,7.116858032014635
7,austen,140,melville,7.4114774862925215
7,austen,140,wells,7.217576424280803
7,austen,140,austen,6.471449518203736
7,austen,140,fitzgerald,7.398767124522816
7,austen,140,twain,7.31839579802293
7,austen,141,train,6.2706705093383786
7,austen,141,baum,7.256787395477295
7,austen,141,thompson,7.608798027038574
7,austen,141,dickens,7.111086871888903
7,austen,141,melville,7.407021363576253
7,austen,141,wells,7.210996945699056
7,austen,141,austen,6.46293158531189
7,austen,141,fitzgerald,7.393682653253728
7,austen,141,twain,7.3119103358342095
7,austen,142,train,6.26325626373291
7,austen,142,baum,7.249524974822998
7,austen,142,thompson,7.602062066396077
7,austen,142,dickens,7.103785435358684
7,austen,142,melville,7.399259964625041
7,austen,142,wells,7.203707059224446
7,austen,142,austen,6.454466819763184
7,austen,142,fitzgerald,7.386746753345836
7,austen,142,twain,7.3050126662621135
7,austen,143,train,6.248287677764893
7,austen,143,baum,7.245193576812744
7,austen,143,thompson,7.598766644795735
7,austen,143,dickens,7.09872677591112
7,austen,143,melville,7.394337892532349
7,austen,143,wells,7.198147773742676
7,austen,143,austen,6.445932006835937
7,austen,143,fitzgerald,7.382313294844194
7,austen,143,twain,7.301088553208571
7,austen,144,train,6.270373058319092
7,austen,144,baum,7.239285278320312
7,austen,144,thompson,7.593264261881511
7,austen,144,dickens,7.092916806538899
7,austen,144,melville,7.388741970062256
7,austen,144,wells,7.1917563279469805
7,austen,144,austen,6.437859582901001
7,austen,144,fitzgerald,7.376574386249889
7,austen,144,twain,7.2949927770174465
7,austen,145,train,6.227524757385254
7,austen,145,baum,7.23606767654419
7,austen,145,thompson,7.592888832092285
7,austen,145,dickens,7.0887163745032415
7,austen,145,melville,7.388333002726237
7,austen,145,wells,7.188863515853882
7,austen,145,austen,6.429699039459228
7,austen,145,fitzgerald,7.373998468572443
7,austen,145,twain,7.292872282174917
7,austen,146,train,6.231401538848877
7,austen,146,baum,7.231158447265625
7,austen,146,thompson,7.587931791941325
7,austen,146,dickens,7.083726618025038
7,austen,146,melville,7.383022467295329
7,austen,146,wells,7.18277637163798
7,austen,146,austen,6.422319793701172
7,austen,146,fitzgerald,7.369314323772084
7,austen,146,twain,7.286852726569543
7,austen,147,train,6.204588890075684
7,austen,147,baum,7.22331428527832
7,austen,147,thompson,7.579963207244873
7,austen,147,dickens,7.076995425754124
7,austen,147,melville,7.373759110768636
7,austen,147,wells,7.174179553985596
7,austen,147,austen,6.413601875305176
7,austen,147,fitzgerald,7.36108922958374
7,austen,147,twain,7.279102398799016
7,austen,148,train,6.22194938659668
7,austen,148,baum,7.21851282119751
7,austen,148,thompson,7.576875527699788
7,austen,148,dickens,7.072538296381633
7,austen,148,melville,7.369383096694946
7,austen,148,wells,7.169618368148804
7,austen,148,austen,6.406827354431153
7,austen,148,fitzgerald,7.357231400229714
7,austen,148,twain,7.274888845590445
7,austen,149,train,6.198245334625244
7,austen,149,baum,7.212292194366455
7,austen,149,thompson,7.571501572926839
7,austen,149,dickens,7.067347288131714
7,austen,149,melville,7.363867282867432
7,austen,149,wells,7.163188934326172
7,austen,149,austen,6.4003586769104
7,austen,149,fitzgerald,7.351909420707009
7,austen,149,twain,7.268725982079139
7,austen,150,train,6.19372329711914
7,austen,150,baum,7.206479549407959
7,austen,150,thompson,7.566655476888019
7,austen,150,dickens,7.061243772506714
7,austen,150,melville,7.35935378074646
7,austen,150,wells,7.157874822616577
7,austen,150,austen,6.3913818359375
7,austen,150,fitzgerald,7.34620358727195
7,austen,150,twain,7.264492328350361
7,austen,151,train,6.162068939208984
7,austen,151,baum,7.202894592285157
7,austen,151,thompson,7.564245700836182
7,austen,151,dickens,7.056889401541816
7,austen,151,melville,7.355535268783569
7,austen,151,wells,7.153666416803996
7,austen,151,austen,6.384151649475098
7,austen,151,fitzgerald,7.343094132163308
7,austen,151,twain,7.260374839489277
7,austen,152,train,6.166859436035156
7,austen,152,baum,7.197842121124268
7,austen,152,thompson,7.560564041137695
7,austen,152,dickens,7.052189297146267
7,austen,152,melville,7.350806315739949
7,austen,152,wells,7.149008274078369
7,austen,152,austen,6.376785802841186
7,austen,152,fitzgerald,7.337823477658358
7,austen,152,twain,7.256857541891245
7,austen,153,train,6.131453514099121
7,austen,153,baum,7.194955635070801
7,austen,153,thompson,7.558820565541585
7,austen,153,dickens,7.049015283584595
7,austen,153,melville,7.349273125330607
7,austen,153,wells,7.145241737365723
7,austen,153,austen,6.369761037826538
7,austen,153,fitzgerald,7.3352015235207295
7,austen,153,twain,7.253098231095534
7,austen,154,train,6.15593376159668
7,austen,154,baum,7.187773036956787
7,austen,154,thompson,7.552462259928386
7,austen,154,dickens,7.042811022864448
7,austen,154,melville,7.342026472091675
7,austen,154,wells,7.138925631841024
7,austen,154,austen,6.363095951080322
7,austen,154,fitzgerald,7.328949581493031
7,austen,154,twain,7.246831197005052
7,austen,155,train,6.127694034576416
7,austen,155,baum,7.181341171264648
7,austen,155,thompson,7.547574043273926
7,austen,155,dickens,7.0378307236565485
7,austen,155,melville,7.336092074712117
7,austen,155,wells,7.132461865743001
7,austen,155,austen,6.355691576004029
7,austen,155,fitzgerald,7.322853391820734
7,austen,155,twain,7.241873117593618
7,austen,156,train,6.166244411468506
7,austen,156,baum,7.17803840637207
7,austen,156,thompson,7.547233581542969
7,austen,156,dickens,7.034182839923435
7,austen,156,melville,7.334542353947957
7,austen,156,wells,7.130090713500977
7,austen,156,austen,6.3489936828613285
7,austen,156,fitzgerald,7.320663798939098
7,austen,156,twain,7.239501329568716
7,austen,157,train,6.180082416534424
7,austen,157,baum,7.170727348327636
7,austen,157,thompson,7.540149211883545
7,austen,157,dickens,7.0276824898189965
7,austen,157,melville,7.326342503229777
7,austen,157,wells,7.122785329818726
7,austen,157,austen,6.341190814971924
7,austen,157,fitzgerald,7.313128297979182
7,austen,157,twain,7.23237708898691
7,austen,158,train,6.1315467834472654
7,austen,158,baum,7.16802978515625
7,austen,158,thompson,7.538285573323567
7,austen,158,dickens,7.024640692604913
7,austen,158,melville,7.3228317101796465
7,austen,158,wells,7.117852846781413
7,austen,158,austen,6.334021663665771
7,austen,158,fitzgerald,7.310644019733775
7,austen,158,twain,7.22780022254357
7,austen,159,train,6.111720752716065
7,austen,159,baum,7.16442756652832
7,austen,159,thompson,7.534775416056315
7,austen,159,dickens,7.020241525438097
7,austen,159,melville,7.319525400797526
7,austen,159,wells,7.114908377329509
7,austen,159,austen,6.326331567764282
7,austen,159,fitzgerald,7.306957504966042
7,austen,159,twain,7.2252421745887165
7,austen,160,train,6.139176082611084
7,austen,160,baum,7.160570240020752
7,austen,160,thompson,7.5329084396362305
7,austen,160,dickens,7.016351752811008
7,austen,160,melville,7.318556626637776
7,austen,160,wells,7.111949602762858
7,austen,160,austen,6.319757747650146
7,austen,160,fitzgerald,7.303926207802513
7,austen,160,twain,7.22216430077186
7,austen,161,train,6.0936023712158205
7,austen,161,baum,7.154247856140136
7,austen,161,thompson,7.527808666229248
7,austen,161,dickens,7.011010275946723
7,austen,161,melville,7.312268416086833
7,austen,161,wells,7.105967998504639
7,austen,161,austen,6.313218069076538
7,austen,161,fitzgerald,7.29821812022816
7,austen,161,twain,7.216832564427302
7,austen,162,train,6.127327919006348
7,austen,162,baum,7.150559043884277
7,austen,162,thompson,7.525388876597087
7,austen,162,dickens,7.005728801091512
7,austen,162,melville,7.308837095896403
7,austen,162,wells,7.102275927861531
7,austen,162,austen,6.306404304504395
7,austen,162,fitzgerald,7.294724160974676
7,austen,162,twain,7.214290032019982
7,austen,163,train,6.103447532653808
7,austen,163,baum,7.14213809967041
7,austen,163,thompson,7.516743818918864
7,austen,163,dickens,7.000171237521702
7,austen,163,melville,7.300573110580444
7,austen,163,wells,7.094077746073405
7,austen,163,austen,6.299572563171386
7,austen,163,fitzgerald,7.285883990201083
7,austen,163,twain,7.206338295569787
7,austen,164,train,6.065159893035888
7,austen,164,baum,7.138895988464356
7,austen,164,thompson,7.514460404713948
7,austen,164,dickens,6.9959668848249645
7,austen,164,melville,7.297410329182942
7,austen,164,wells,7.09002701441447
7,austen,164,austen,6.293049001693726
7,austen,164,fitzgerald,7.282470703125
7,austen,164,twain,7.2027829977182245
7,austen,165,train,6.033230495452881
7,austen,165,baum,7.134078502655029
7,austen,165,thompson,7.510242621103923
7,austen,165,dickens,6.991728968090481
7,austen,165,melville,7.294603109359741
7,austen,165,wells,7.086281458536784
7,austen,165,austen,6.286289548873901
7,austen,165,fitzgerald,7.278553962707519
7,austen,165,twain,7.199619183173547
7,austen,166,train,6.063682556152344
7,austen,166,baum,7.129765796661377
7,austen,166,thompson,7.507413546244304
7,austen,166,dickens,6.987342278162639
7,austen,166,melville,7.291955709457397
7,austen,166,wells,7.082344134648641
7,austen,166,austen,6.278721809387207
7,austen,166,fitzgerald,7.2742227207530625
7,austen,166,twain,7.196197363046499
7,austen,167,train,6.037359237670898
7,austen,167,baum,7.126118469238281
7,austen,167,thompson,7.505110263824463
7,austen,167,dickens,6.983587053087023
7,austen,167,melville,7.2884574731191
7,austen,167,wells,7.078101793924968
7,austen,167,austen,6.272783279418945
7,austen,167,fitzgerald,7.271185094659978
7,austen,167,twain,7.191593206845797
7,austen,168,train,6.039073657989502
7,austen,168,baum,7.118770027160645
7,austen,168,thompson,7.496511459350586
7,austen,168,dickens,6.978061543570624
7,austen,168,melville,7.279074668884277
7,austen,168,wells,7.071074485778809
7,austen,168,austen,6.268348121643067
7,austen,168,fitzgerald,7.263537753712047
7,austen,168,twain,7.184905712421124
7,austen,169,train,6.017290115356445
7,austen,169,baum,7.114319705963135
7,austen,169,thompson,7.49199120203654
7,austen,169,dickens,6.975405057271321
7,austen,169,melville,7.276412169138591
7,austen,169,wells,7.0681633949279785
7,austen,169,austen,6.261584186553955
7,austen,169,fitzgerald,7.258920972997492
7,austen,169,twain,7.182409946735088
7,austen,170,train,6.066545867919922
7,austen,170,baum,7.1107683181762695
7,austen,170,thompson,7.490875879923503
7,austen,170,dickens,6.970015181435479
7,austen,170,melville,7.275260368982951
7,austen,170,wells,7.063897291819255
7,austen,170,austen,6.253310775756836
7,austen,170,fitzgerald,7.256740526719526
7,austen,170,twain,7.17894590817965
7,austen,171,train,5.989088344573974
7,austen,171,baum,7.108652591705322
7,austen,171,thompson,7.487929979960124
7,austen,171,dickens,6.966609477996826
7,austen,171,melville,7.272628625233968
7,austen,171,wells,7.061886469523112
7,austen,171,austen,6.244822549819946
7,austen,171,fitzgerald,7.25397439436479
7,austen,171,twain,7.177330273848313
7,austen,172,train,6.036304664611817
7,austen,172,baum,7.102765846252441
7,austen,172,thompson,7.481139818827311
7,austen,172,dickens,6.962889485889011
7,austen,172,melville,7.266612450281779
7,austen,172,wells,7.054001013437907
7,austen,172,austen,6.237808084487915
7,austen,172,fitzgerald,7.247671170668169
7,austen,172,twain,7.170788874992957
7,austen,173,train,6.001761436462402
7,austen,173,baum,7.099667549133301
7,austen,173,thompson,7.479090213775635
7,austen,173,dickens,6.958997673458523
7,austen,173,melville,7.263903220494588
7,austen,173,wells,7.05277140935262
7,austen,173,austen,6.229239988327026
7,austen,173,fitzgerald,7.244899012825706
7,austen,173,twain,7.169436968289888
7,austen,174,train,6.028683757781982
7,austen,174,baum,7.091862773895263
7,austen,174,thompson,7.472352186838786
7,austen,174,dickens,6.954787254333496
7,austen,174,melville,7.259428421656291
7,austen,174,wells,7.046431303024292
7,austen,174,austen,6.222292375564575
7,austen,174,fitzgerald,7.238049983978271
7,austen,174,twain,7.163657958690937
7,austen,175,train,6.013625621795654
7,austen,175,baum,7.091100978851318
7,austen,175,thompson,7.471658229827881
7,austen,175,dickens,6.951929754681057
7,austen,175,melville,7.2579216957092285
7,austen,175,wells,7.044314861297607
7,austen,175,austen,6.214901399612427
7,austen,175,fitzgerald,7.237099127335981
7,austen,175,twain,7.162307115701529
7,austen,176,train,5.956552982330322
7,austen,176,baum,7.085077381134033
7,austen,176,thompson,7.464848677317302
7,austen,176,dickens,6.946326653162639
7,austen,176,melville,7.252018690109253
7,austen,176,wells,7.03816032409668
7,austen,176,austen,6.208371877670288
7,austen,176,fitzgerald,7.230807304382324
7,austen,176,twain,7.155457716721755
7,austen,177,train,5.997222518920898
7,austen,177,baum,7.082013702392578
7,austen,177,thompson,7.462496121724446
7,austen,177,dickens,6.944305207994249
7,austen,177,melville,7.249792416890462
7,austen,177,wells,7.035264174143474
7,austen,177,austen,6.19985556602478
7,austen,177,fitzgerald,7.227291020480069
7,austen,177,twain,7.15328653042133
7,austen,178,train,5.970339965820313
7,austen,178,baum,7.080079746246338
7,austen,178,thompson,7.461631774902344
7,austen,178,dickens,6.9412047068278
7,austen,178,melville,7.248021999994914
7,austen,178,wells,7.0322654247283936
7,austen,178,austen,6.194564962387085
7,austen,178,fitzgerald,7.225890549746427
7,austen,178,twain,7.150625779078557
7,austen,179,train,5.975444030761719
7,austen,179,baum,7.075356197357178
7,austen,179,thompson,7.45552921295166
7,austen,179,dickens,6.935576491885716
7,austen,179,melville,7.2423155307769775
7,austen,179,wells,7.026974360148112
7,austen,179,austen,6.187104272842407
7,austen,179,fitzgerald,7.220364093780518
7,austen,179,twain,7.144860414358286
7,austen,180,train,5.964240169525146
7,austen,180,baum,7.072621250152588
7,austen,180,thompson,7.452536106109619
7,austen,180,dickens,6.933987432056004
7,austen,180,melville,7.238998254140218
7,austen,180,wells,7.023949861526489
7,austen,180,austen,6.179357671737671
7,austen,180,fitzgerald,7.216125271537087
7,austen,180,twain,7.1425221883333645
7,austen,181,train,5.949349308013916
7,austen,181,baum,7.066616725921631
7,austen,181,thompson,7.446701208750407
7,austen,181,dickens,6.933052354388767
7,austen,181,melville,7.235446055730184
7,austen,181,wells,7.0201652844746905
7,austen,181,austen,6.175804281234742
7,austen,181,fitzgerald,7.208868200128728
7,austen,181,twain,7.139662926013653
7,austen,182,train,5.95961275100708
7,austen,182,baum,7.063014221191406
7,austen,182,thompson,7.445288976033528
7,austen,182,dickens,6.924764447742039
7,austen,182,melville,7.23100225130717
7,austen,182,wells,7.013808568318685
7,austen,182,austen,6.166918420791626
7,austen,182,fitzgerald,7.207397027449175
7,austen,182,twain,7.133707670065073
7,austen,183,train,5.908906364440918
7,austen,183,baum,7.060836124420166
7,austen,183,thompson,7.440392971038818
7,austen,183,dickens,6.922424581315783
7,austen,183,melville,7.228423833847046
7,austen,183,wells,7.012189070383708
7,austen,183,austen,6.159981632232666
7,austen,183,fitzgerald,7.203665906732732
7,austen,183,twain,7.132313508253831
7,austen,184,train,5.930576419830322
7,austen,184,baum,7.055720520019531
7,austen,184,thompson,7.438990592956543
7,austen,184,dickens,6.917498323652479
7,austen,184,melville,7.228038628896077
7,austen,184,wells,7.007925113042195
7,austen,184,austen,6.1529992580413815
7,austen,184,fitzgerald,7.200243212959983
7,austen,184,twain,7.128522139329177
7,austen,185,train,5.918368911743164
7,austen,185,baum,7.053317260742188
7,austen,185,thompson,7.434443314870198
7,austen,185,dickens,6.914269844690959
7,austen,185,melville,7.22397510210673
7,austen,185,wells,7.004687547683716
7,austen,185,austen,6.147135210037232
7,austen,185,fitzgerald,7.1967457857998935
7,austen,185,twain,7.125585335951585
7,austen,186,train,5.931313705444336
7,austen,186,baum,7.050889682769776
7,austen,186,thompson,7.432172775268555
7,austen,186,dickens,6.9144400755564375
7,austen,186,melville,7.222621122996013
7,austen,186,wells,7.002929608027141
7,austen,186,austen,6.141526126861573
7,austen,186,fitzgerald,7.193512569774281
7,austen,186,twain,7.124174558199369
7,austen,187,train,5.8859635353088375
7,austen,187,baum,7.049103450775147
7,austen,187,thompson,7.431050777435303
7,austen,187,dickens,6.906753937403361
7,austen,187,melville,7.218658288319905
7,austen,187,wells,6.998953501383464
7,austen,187,austen,6.133759021759033
7,austen,187,fitzgerald,7.193341471932151
7,austen,187,twain,7.119570915515606
7,austen,188,train,5.895411014556885
7,austen,188,baum,7.043224906921386
7,austen,188,thompson,7.427165349324544
7,austen,188,dickens,6.901982651816474
7,austen,188,melville,7.214654922485352
7,austen,188,wells,6.9947028160095215
7,austen,188,austen,6.1270112037658695
7,austen,188,fitzgerald,7.187694029374556
7,austen,188,twain,7.11636469914363
7,austen,189,train,5.867508697509765
7,austen,189,baum,7.0400653839111325
7,austen,189,thompson,7.422378381093343
7,austen,189,dickens,6.898720582326253
7,austen,189,melville,7.211592356363933
7,austen,189,wells,6.990455627441406
7,austen,189,austen,6.121974229812622
7,austen,189,fitzgerald,7.183525172146884
7,austen,189,twain,7.111949443817139
7,austen,190,train,5.853751277923584
7,austen,190,baum,7.038520240783692
7,austen,190,thompson,7.419310887654622
7,austen,190,dickens,6.895215325885349
7,austen,190,melville,7.208707014719645
7,austen,190,wells,6.988163630167644
7,austen,190,austen,6.117058515548706
7,austen,190,fitzgerald,7.179782260547984
7,austen,190,twain,7.109467359689566
7,austen,191,train,5.865346622467041
7,austen,191,baum,7.035201549530029
7,austen,191,thompson,7.417219797770183
7,austen,191,dickens,6.897878567377727
7,austen,191,melville,7.209215482076009
7,austen,191,wells,6.9878913561503095
7,austen,191,austen,6.11072678565979
7,austen,191,fitzgerald,7.175877311012962
7,austen,191,twain,7.110603919396033
7,austen,192,train,5.844157791137695
7,austen,192,baum,7.028225326538086
7,austen,192,thompson,7.411734898885091
7,austen,192,dickens,6.884538306130303
7,austen,192,melville,7.200655380884807
7,austen,192,wells,6.978829383850098
7,austen,192,austen,6.103243398666382
7,austen,192,fitzgerald,7.17125264081088
7,austen,192,twain,7.101714904491718
7,austen,193,train,5.83601655960083
7,austen,193,baum,7.028798198699951
7,austen,193,thompson,7.413668473561604
7,austen,193,dickens,6.882893959681193
7,austen,193,melville,7.202171325683594
7,austen,193,wells,6.9790092309316
7,austen,193,austen,6.097318458557129
7,austen,193,fitzgerald,7.172870766032826
7,austen,193,twain,7.100820834820087
7,austen,194,train,5.841377925872803
7,austen,194,baum,7.025888347625733
7,austen,194,thompson,7.41231632232666
7,austen,194,dickens,6.877940999137031
7,austen,194,melville,7.200526237487793
7,austen,194,wells,6.976064046223958
7,austen,194,austen,6.089929962158204
7,austen,194,fitzgerald,7.170407945459539
7,austen,194,twain,7.098665237426758
7,austen,195,train,5.843079471588135
7,austen,195,baum,7.020933341979981
7,austen,195,thompson,7.405528545379639
7,austen,195,dickens,6.876879162258572
7,austen,195,melville,7.196887334187825
7,austen,195,wells,6.973325967788696
7,austen,195,austen,6.0836114406585695
7,austen,195,fitzgerald,7.163105097683993
7,austen,195,twain,7.097244812892034
7,austen,196,train,5.829356479644775
7,austen,196,baum,7.019354152679443
7,austen,196,thompson,7.403475125630696
7,austen,196,dickens,6.872331937154134
7,austen,196,melville,7.192751328150432
7,austen,196,wells,6.967784722646077
7,austen,196,austen,6.077870321273804
7,austen,196,fitzgerald,7.159910115328702
7,austen,196,twain,7.092177904569185
7,austen,197,train,5.799151420593262
7,austen,197,baum,7.014693260192871
7,austen,197,thompson,7.398824214935303
7,austen,197,dickens,6.867791573206584
7,austen,197,melville,7.1895811557769775
7,austen,197,wells,6.963831186294556
7,austen,197,austen,6.072522258758545
7,austen,197,fitzgerald,7.155292684381658
7,austen,197,twain,7.088342739985539
7,austen,198,train,5.816907405853272
7,austen,198,baum,7.009901428222657
7,austen,198,thompson,7.396708806355794
7,austen,198,dickens,6.863940159479777
7,austen,198,melville,7.18764066696167
7,austen,198,wells,6.960697491963704
7,austen,198,austen,6.063863229751587
7,austen,198,fitzgerald,7.152190511876887
7,austen,198,twain,7.086570776425875
7,austen,199,train,5.808553028106689
7,austen,199,baum,7.0081305503845215
7,austen,199,thompson,7.39126189549764
7,austen,199,dickens,6.858818822436863
7,austen,199,melville,7.182864904403687
7,austen,199,wells,6.955407063166301
7,austen,199,austen,6.0595543384552
7,austen,199,fitzgerald,7.148591648448598
7,austen,199,twain,7.081487215482271
7,austen,200,train,5.801794338226318
7,austen,200,baum,7.009985256195068
7,austen,200,thompson,7.394332408905029
7,austen,200,dickens,6.864049143261379
7,austen,200,melville,7.188221057256063
7,austen,200,wells,6.959625879923503
7,austen,200,austen,6.053358459472657
7,austen,200,fitzgerald,7.148209658536044
7,austen,200,twain,7.087114664224478
7,austen,201,train,5.7792126655578615
7,austen,201,baum,7.00275182723999
7,austen,201,thompson,7.389926433563232
7,austen,201,dickens,6.851439078648885
7,austen,201,melville,7.179980119069417
7,austen,201,wells,6.951290051142375
7,austen,201,austen,6.044847679138184
7,austen,201,fitzgerald,7.14481951973655
7,austen,201,twain,7.077351166651799
7,austen,202,train,5.801438045501709
7,austen,202,baum,7.004995536804199
7,austen,202,thompson,7.3943986892700195
7,austen,202,dickens,6.857387357287937
7,austen,202,melville,7.1864573160807295
7,austen,202,wells,6.95534626642863
7,austen,202,austen,6.039924287796021
7,austen,202,fitzgerald,7.145371870561079
7,austen,202,twain,7.083845945504995
7,austen,203,train,5.752787494659424
7,austen,203,baum,6.996187305450439
7,austen,203,thompson,7.384438196818034
7,austen,203,dickens,6.845609108606975
7,austen,203,melville,7.1746517817179365
7,austen,203,wells,6.945292234420776
7,austen,203,austen,6.032887077331543
7,austen,203,fitzgerald,7.13768196105957
7,austen,203,twain,7.073266102717473
7,austen,204,train,5.761209297180176
7,austen,204,baum,6.9924718856811525
7,austen,204,thompson,7.380010922749837
7,austen,204,dickens,6.843925846947564
7,austen,204,melville,7.172332763671875
7,austen,204,wells,6.940979480743408
7,austen,204,austen,6.02944278717041
7,austen,204,fitzgerald,7.132540225982666
7,austen,204,twain,7.069743743309608
7,austen,205,train,5.759521579742431
7,austen,205,baum,6.99406099319458
7,austen,205,thompson,7.382214069366455
7,austen,205,dickens,6.846891933017307
7,austen,205,melville,7.175209840138753
7,austen,205,wells,6.944017092386882
7,austen,205,austen,6.022251605987549
7,austen,205,fitzgerald,7.133523117412221
7,austen,205,twain,7.074036598205566
7,austen,206,train,5.762582874298095
7,austen,206,baum,6.986098289489746
7,austen,206,thompson,7.375220775604248
7,austen,206,dickens,6.8375686539544
7,austen,206,melville,7.168609221776326
7,austen,206,wells,6.936455806096395
7,austen,206,austen,6.015168809890747
7,austen,206,fitzgerald,7.127165967767889
7,austen,206,twain,7.066350276653584
7,austen,207,train,5.726241397857666
7,austen,207,baum,6.982624435424805
7,austen,207,thompson,7.369704564412435
7,austen,207,dickens,6.832429276572333
7,austen,207,melville,7.162292083104451
7,austen,207,wells,6.929429769515991
7,austen,207,austen,6.009325218200684
7,austen,207,fitzgerald,7.122574762864546
7,austen,207,twain,7.059382805457482
7,austen,208,train,5.753373718261718
7,austen,208,baum,6.981212139129639
7,austen,208,thompson,7.371438503265381
7,austen,208,dickens,6.830141332414415
7,austen,208,melville,7.164920488993327
7,austen,208,wells,6.929900089899699
7,austen,208,austen,6.00261378288269
7,austen,208,fitzgerald,7.1232475367459385
7,austen,208,twain,7.05972667840811
7,austen,209,train,5.730578994750976
7,austen,209,baum,6.981039714813233
7,austen,209,thompson,7.371192773183186
7,austen,209,dickens,6.831465562184651
7,austen,209,melville,7.164735158284505
7,austen,209,wells,6.929766178131104
7,austen,209,austen,5.99844617843628
7,austen,209,fitzgerald,7.120845664631236
7,austen,209,twain,7.060211071601281
7,austen,210,train,5.719824600219726
7,austen,210,baum,6.979101753234863
7,austen,210,thompson,7.367033322652181
7,austen,210,dickens,6.825513601303101
7,austen,210,melville,7.1598711013793945
7,austen,210,wells,6.924512147903442
7,austen,210,austen,5.993663692474366
7,austen,210,fitzgerald,7.117434631694447
7,austen,210,twain,7.055606181804951
7,austen,211,train,5.681844806671142
7,austen,211,baum,6.975888061523437
7,austen,211,thompson,7.364748954772949
7,austen,211,dickens,6.830367803573608
7,austen,211,melville,7.164501190185547
7,austen,211,wells,6.927940368652344
7,austen,211,austen,5.988665151596069
7,austen,211,fitzgerald,7.115004756233909
7,austen,211,twain,7.060712117415208
7,austen,212,train,5.718515396118164
7,austen,212,baum,6.971694850921631
7,austen,212,thompson,7.362322012583415
7,austen,212,dickens,6.8188743061489525
7,austen,212,melville,7.15709129969279
7,austen,212,wells,6.920362790425618
7,austen,212,austen,5.98010401725769
7,austen,212,fitzgerald,7.113441987471147
7,austen,212,twain,7.051653421842135
7,austen,213,train,5.71731014251709
7,austen,213,baum,6.965114402770996
7,austen,213,thompson,7.357944170633952
7,austen,213,dickens,6.8093470732371015
7,austen,213,melville,7.14734427134196
7,austen,213,wells,6.910361607869466
7,austen,213,austen,5.973512458801269
7,austen,213,fitzgerald,7.108645135706121
7,austen,213,twain,7.042185233189509
7,austen,214,train,5.670747852325439
7,austen,214,baum,6.964378452301025
7,austen,214,thompson,7.358718872070312
7,austen,214,dickens,6.814647807015313
7,austen,214,melville,7.152153730392456
7,austen,214,wells,6.913883686065674
7,austen,214,austen,5.968025541305542
7,austen,214,fitzgerald,7.106756340373647
7,austen,214,twain,7.04678986622737
7,austen,215,train,5.665414047241211
7,austen,215,baum,6.969057559967041
7,austen,215,thompson,7.360555013020833
7,austen,215,dickens,6.819741752412584
7,austen,215,melville,7.1581076780955
7,austen,215,wells,6.920637369155884
7,austen,215,austen,5.965154075622559
7,austen,215,fitzgerald,7.109855131669478
7,austen,215,twain,7.053037900191087
7,austen,216,train,5.68085298538208
7,austen,216,baum,6.959314155578613
7,austen,216,thompson,7.35149081548055
7,austen,216,dickens,6.801836517122057
7,austen,216,melville,7.1425290902455645
7,austen,216,wells,6.903428077697754
7,austen,216,austen,5.957065439224243
7,austen,216,fitzgerald,7.101989529349587
7,austen,216,twain,7.035649116222675
7,austen,217,train,5.673961925506592
7,austen,217,baum,6.95520715713501
7,austen,217,thompson,7.349474271138509
7,austen,217,dickens,6.807181066936916
7,austen,217,melville,7.1467240651448565
7,austen,217,wells,6.906658172607422
7,austen,217,austen,5.951397371292114
7,austen,217,fitzgerald,7.097956787456166
7,austen,217,twain,7.039619115682749
7,austen,218,train,5.651794052124023
7,austen,218,baum,6.956325435638428
7,austen,218,thompson,7.353511333465576
7,austen,218,dickens,6.806003835466173
7,austen,218,melville,7.148049195607503
7,austen,218,wells,6.906377792358398
7,austen,218,austen,5.9477802276611325
7,austen,218,fitzgerald,7.100158778103915
7,austen,218,twain,7.03985856129573
7,austen,219,train,5.627695751190186
7,austen,219,baum,6.950647926330566
7,austen,219,thompson,7.34381103515625
7,austen,219,dickens,6.800129916932848
7,austen,219,melville,7.139284610748291
7,austen,219,wells,6.898752768834432
7,austen,219,austen,5.942454242706299
7,austen,219,fitzgerald,7.092318404804576
7,austen,219,twain,7.031373354104849
7,austen,220,train,5.639713764190674
7,austen,220,baum,6.945549869537354
7,austen,220,thompson,7.341378370920817
7,austen,220,dickens,6.797132121192084
7,austen,220,melville,7.136834621429443
7,austen,220,wells,6.895647128423055
7,austen,220,austen,5.93664174079895
7,austen,220,fitzgerald,7.087938872250644
7,austen,220,twain,7.029535550337571
7,austen,221,train,5.632159233093262
7,austen,221,baum,6.946500015258789
7,austen,221,thompson,7.342002073923747
7,austen,221,dickens,6.796793752246433
7,austen,221,melville,7.135989507039388
7,austen,221,wells,6.895752986272176
7,austen,221,austen,5.930207872390747
7,austen,221,fitzgerald,7.088412371548739
7,austen,221,twain,7.030046242934007
7,austen,222,train,5.640488815307617
7,austen,222,baum,6.941172885894775
7,austen,222,thompson,7.342585245768229
7,austen,222,dickens,6.791750457551744
7,austen,222,melville,7.136432250340779
7,austen,222,wells,6.893741925557454
7,austen,222,austen,5.922499084472657
7,austen,222,fitzgerald,7.086431329900568
7,austen,222,twain,7.028755114628718
7,austen,223,train,5.655749797821045
7,austen,223,baum,6.948445892333984
7,austen,223,thompson,7.343981583913167
7,austen,223,dickens,6.797353744506836
7,austen,223,melville,7.143778085708618
7,austen,223,wells,6.899777730305989
7,austen,223,austen,5.920659828186035
7,austen,223,fitzgerald,7.088443712754683
7,austen,223,twain,7.03477434011606
7,austen,224,train,5.607658672332764
7,austen,224,baum,6.939401054382325
7,austen,224,thompson,7.33998425801595
7,austen,224,dickens,6.790998220443726
7,austen,224,melville,7.13613231976827
7,austen,224,wells,6.892973343531291
7,austen,224,austen,5.91355299949646
7,austen,224,fitzgerald,7.080902576446533
7,austen,224,twain,7.030215483445388
7,austen,225,train,5.6568879127502445
7,austen,225,baum,6.943501853942872
7,austen,225,thompson,7.339367071787517
7,austen,225,dickens,6.787443372938368
7,austen,225,melville,7.133697748184204
7,austen,225,wells,6.887795050938924
7,austen,225,austen,5.909564113616943
7,austen,225,fitzgerald,7.0824385556307705
7,austen,225,twain,7.023299620701716
7,austen,226,train,5.595692443847656
7,austen,226,baum,6.931565189361573
7,austen,226,thompson,7.3339792887369795
7,austen,226,dickens,6.7827860249413385
7,austen,226,melville,7.129324595133464
7,austen,226,wells,6.885941505432129
7,austen,226,austen,5.901606702804566
7,austen,226,fitzgerald,7.075350891460072
7,austen,226,twain,7.022865258730375
7,austen,227,train,5.583271884918213
7,austen,227,baum,6.938024234771729
7,austen,227,thompson,7.34075927734375
7,austen,227,dickens,6.788042942682902
7,austen,227,melville,7.140365282694499
7,austen,227,wells,6.89293376604716
7,austen,227,austen,5.898258256912231
7,austen,227,fitzgerald,7.080237952145663
7,austen,227,twain,7.030188083648682
7,austen,228,train,5.579471492767334
7,austen,228,baum,6.931723308563233
7,austen,228,thompson,7.332920710245768
7,austen,228,dickens,6.782209687762791
7,austen,228,melville,7.130695184071858
7,austen,228,wells,6.8844687938690186
7,austen,228,austen,5.890179681777954
7,austen,228,fitzgerald,7.073688853870738
7,austen,228,twain,7.022626876831055
7,austen,229,train,5.570248222351074
7,austen,229,baum,6.926271247863769
7,austen,229,thompson,7.330396811167399
7,austen,229,dickens,6.772785769568549
7,austen,229,melville,7.124550263086955
7,austen,229,wells,6.878113269805908
7,austen,229,austen,5.883891296386719
7,austen,229,fitzgerald,7.071610840884122
7,austen,229,twain,7.015538472395677
7,austen,230,train,5.570561027526855
7,austen,230,baum,6.921602630615235
7,austen,230,thompson,7.326627731323242
7,austen,230,dickens,6.77457684940762
7,austen,230,melville,7.123813947041829
7,austen,230,wells,6.877056360244751
7,austen,230,austen,5.880496454238892
7,austen,230,fitzgerald,7.066446174274791
7,austen,230,twain,7.014947194319505
7,austen,231,train,5.564378070831299
7,austen,231,baum,6.921950435638427
7,austen,231,thompson,7.324790795644124
7,austen,231,dickens,6.767258140775892
7,austen,231,melville,7.120305776596069
7,austen,231,wells,6.872502247492473
7,austen,231,austen,5.875179100036621
7,austen,231,fitzgerald,7.065695675936612
7,austen,231,twain,7.00993039057805
7,austen,232,train,5.534309577941895
7,austen,232,baum,6.919262886047363
7,austen,232,thompson,7.324566841125488
7,austen,232,dickens,6.766110685136583
7,austen,232,melville,7.122453530629476
7,austen,232,wells,6.8717819054921465
7,austen,232,austen,5.868111610412598
7,austen,232,fitzgerald,7.065487644889138
7,austen,232,twain,7.009995753948505
7,austen,233,train,5.558123683929443
7,austen,233,baum,6.910748291015625
7,austen,233,thompson,7.322391351064046
7,austen,233,dickens,6.763550228542751
7,austen,233,melville,7.118895371754964
7,austen,233,wells,6.8687864144643145
7,austen,233,austen,5.862309360504151
7,austen,233,fitzgerald,7.061056830666282
7,austen,233,twain,7.00836992263794
7,austen,234,train,5.555606365203857
7,austen,234,baum,6.909155368804932
7,austen,234,thompson,7.31845235824585
7,austen,234,dickens,6.762515518400404
7,austen,234,melville,7.115017731984456
7,austen,234,wells,6.866796652475993
7,austen,234,austen,5.85705246925354
7,austen,234,fitzgerald,7.058004032481801
7,austen,234,twain,7.006044644575852
7,austen,235,train,5.521363162994385
7,austen,235,baum,6.913067626953125
7,austen,235,thompson,7.318586985270183
7,austen,235,dickens,6.763068331612481
7,austen,235,melville,7.119108994801839
7,austen,235,wells,6.867360909779866
7,austen,235,austen,5.855222797393799
7,austen,235,fitzgerald,7.059923215345903
7,austen,235,twain,7.006746182074914
7,austen,236,train,5.497122859954834
7,austen,236,baum,6.914081573486328
7,austen,236,thompson,7.323793411254883
7,austen,236,dickens,6.769303586747911
7,austen,236,melville,7.126582622528076
7,austen,236,wells,6.8734776973724365
7,austen,236,austen,5.850483465194702
7,austen,236,fitzgerald,7.060633139176802
7,austen,236,twain,7.015065596653865
7,austen,237,train,5.5367683410644535
7,austen,237,baum,6.900869274139405
7,austen,237,thompson,7.31179157892863
7,austen,237,dickens,6.751563045713636
7,austen,237,melville,7.10843555132548
7,austen,237,wells,6.855285724004109
7,austen,237,austen,5.840666818618774
7,austen,237,fitzgerald,7.049615079706365
7,austen,237,twain,6.996119535886324
7,austen,238,train,5.524822044372558
7,austen,238,baum,6.904496192932129
7,austen,238,thompson,7.317830085754394
7,austen,238,dickens,6.752040015326606
7,austen,238,melville,7.1121006806691485
7,austen,238,wells,6.85713259379069
7,austen,238,austen,5.836878156661987
7,austen,238,fitzgerald,7.053438143296675
7,austen,238,twain,6.998593440422645
7,austen,239,train,5.52198600769043
7,austen,239,baum,6.900951671600342
7,austen,239,thompson,7.316851456960042
7,austen,239,dickens,6.753764788309733
7,austen,239,melville,7.116301536560059
7,austen,239,wells,6.861212650934855
7,austen,239,austen,5.831138038635254
7,austen,239,fitzgerald,7.05109826001254
7,austen,239,twain,7.004294542165903
7,austen,240,train,5.511071681976318
7,austen,240,baum,6.897662830352783
7,austen,240,thompson,7.311441580454509
7,austen,240,dickens,6.7503185802035865
7,austen,240,melville,7.111300150553386
7,austen,240,wells,6.856181621551514
7,austen,240,austen,5.827763843536377
7,austen,240,fitzgerald,7.046606757424095
7,austen,240,twain,7.000099842364971
7,austen,241,train,5.487427520751953
7,austen,241,baum,6.9030006408691404
7,austen,241,thompson,7.3166610399882
7,austen,241,dickens,6.75419086880154
7,austen,241,melville,7.11471692721049
7,austen,241,wells,6.860169887542725
7,austen,241,austen,5.823250102996826
7,austen,241,fitzgerald,7.049794587222013
7,austen,241,twain,7.004603349245512
7,austen,242,train,5.500687026977539
7,austen,242,baum,6.896790599822998
7,austen,242,thompson,7.313727378845215
7,austen,242,dickens,6.751029464933607
7,austen,242,melville,7.113497336705525
7,austen,242,wells,6.856757481892903
7,austen,242,austen,5.817364263534546
7,austen,242,fitzgerald,7.046189524910667
7,austen,242,twain,7.002218246459961
7,austen,243,train,5.475553417205811
7,austen,243,baum,6.890483283996582
7,austen,243,thompson,7.303906917572021
7,austen,243,dickens,6.74176025390625
7,austen,243,melville,7.103022734324138
7,austen,243,wells,6.84622049331665
7,austen,243,austen,5.811367845535278
7,austen,243,fitzgerald,7.039407556707209
7,austen,243,twain,6.98976208613469
7,austen,244,train,5.478929424285889
7,austen,244,baum,6.89326400756836
7,austen,244,thompson,7.307060400644938
7,austen,244,dickens,6.743854734632704
7,austen,244,melville,7.108946720759074
7,austen,244,wells,6.850086768468221
7,austen,244,austen,5.808473253250122
7,austen,244,fitzgerald,7.04131438515403
7,austen,244,twain,6.995775076059195
7,austen,245,train,5.477749633789062
7,austen,245,baum,6.881582164764405
7,austen,245,thompson,7.299122174580892
7,austen,245,dickens,6.7368128299713135
7,austen,245,melville,7.098416248957316
7,austen,245,wells,6.840898036956787
7,austen,245,austen,5.8010646343231205
7,austen,245,fitzgerald,7.033151149749756
7,austen,245,twain,6.985781119419978
7,austen,246,train,5.45640287399292
7,austen,246,baum,6.880830574035644
7,austen,246,thompson,7.299506187438965
7,austen,246,dickens,6.7341446611616345
7,austen,246,melville,7.096856753031413
7,austen,246,wells,6.839700222015381
7,austen,246,austen,5.792998600006103
7,austen,246,fitzgerald,7.032753944396973
7,austen,246,twain,6.985948525942289
7,austen,247,train,5.444045925140381
7,austen,247,baum,6.880142498016357
7,austen,247,thompson,7.3002028465271
7,austen,247,dickens,6.733360767364502
7,austen,247,melville,7.099220673243205
7,austen,247,wells,6.840201695760091
7,austen,247,austen,5.788926982879639
7,austen,247,fitzgerald,7.032854730432684
7,austen,247,twain,6.988439963414119
7,austen,248,train,5.436366844177246
7,austen,248,baum,6.869018077850342
7,austen,248,thompson,7.291474501291911
7,austen,248,dickens,6.728444496790568
7,austen,248,melville,7.091869036356608
7,austen,248,wells,6.8333853880564375
7,austen,248,austen,5.78328685760498
7,austen,248,fitzgerald,7.024150718342174
7,austen,248,twain,6.981446999769944
7,austen,249,train,5.451962757110596
7,austen,249,baum,6.873240661621094
7,austen,249,thompson,7.302169958750407
7,austen,249,dickens,6.7365809546576605
7,austen,249,melville,7.101065635681152
7,austen,249,wells,6.842023452123006
7,austen,249,austen,5.7806150913238525
7,austen,249,fitzgerald,7.028083801269531
7,austen,249,twain,6.991666830503023
7,austen,250,train,5.426251220703125
7,austen,250,baum,6.87320613861084
7,austen,250,thompson,7.292239983876546
7,austen,250,dickens,6.727835045920478
7,austen,250,melville,7.093016544977824
7,austen,250,wells,6.832888046900432
7,austen,250,austen,5.777544546127319
7,austen,250,fitzgerald,7.02252045544711
7,austen,250,twain,6.980632415184608
7,austen,251,train,5.454761028289795
7,austen,251,baum,6.871989727020264
7,austen,251,thompson,7.292819341023763
7,austen,251,dickens,6.72743641005622
7,austen,251,melville,7.092913548151652
7,austen,251,wells,6.833148876825969
7,austen,251,austen,5.773004913330079
7,austen,251,fitzgerald,7.023998693986372
7,austen,251,twain,6.981547025533823
7,austen,252,train,5.414921474456787
7,austen,252,baum,6.863072109222412
7,austen,252,thompson,7.28322156270345
7,austen,252,dickens,6.719855229059855
7,austen,252,melville,7.086135228474935
7,austen,252,wells,6.826684872309367
7,austen,252,austen,5.768487501144409
7,austen,252,fitzgerald,7.016259063373912
7,austen,252,twain,6.975702029008132
7,austen,253,train,5.401922702789307
7,austen,253,baum,6.866175651550293
7,austen,253,thompson,7.288196722666423
7,austen,253,dickens,6.722488774193658
7,austen,253,melville,7.091208616892497
7,austen,253,wells,6.827467044194539
7,austen,253,austen,5.761396026611328
7,austen,253,fitzgerald,7.019149520180442
7,austen,253,twain,6.978976286374605
7,austen,254,train,5.3860527038574215
7,austen,254,baum,6.864042377471924
7,austen,254,thompson,7.285255750020345
7,austen,254,dickens,6.718518363104926
7,austen,254,melville,7.087979634602864
7,austen,254,wells,6.825401544570923
7,austen,254,austen,5.757028198242187
7,austen,254,fitzgerald,7.01718148318204
7,austen,254,twain,6.976494679084191
7,austen,255,train,5.408497333526611
7,austen,255,baum,6.860378932952881
7,austen,255,thompson,7.279954274495442
7,austen,255,dickens,6.708613952000936
7,austen,255,melville,7.079939365386963
7,austen,255,wells,6.815250396728516
7,austen,255,austen,5.752667474746704
7,austen,255,fitzgerald,7.013765074990013
7,austen,255,twain,6.963956099290114
7,austen,256,train,5.407069110870362
7,austen,256,baum,6.867530727386475
7,austen,256,thompson,7.292073726654053
7,austen,256,dickens,6.725154134962294
7,austen,256,melville,7.09762183825175
7,austen,256,wells,6.834129651387532
7,austen,256,austen,5.749435329437256
7,austen,256,fitzgerald,7.021122672341087
7,austen,256,twain,6.984839549431434
7,austen,257,train,5.428481578826904
7,austen,257,baum,6.853489017486572
7,austen,257,thompson,7.275017897288005
7,austen,257,dickens,6.706067509121365
7,austen,257,melville,7.07589324315389
7,austen,257,wells,6.812107642491658
7,austen,257,austen,5.743167495727539
7,austen,257,fitzgerald,7.006765105507591
7,austen,257,twain,6.963621653043306
7,austen,258,train,5.400046062469483
7,austen,258,baum,6.860368442535401
7,austen,258,thompson,7.287981351216634
7,austen,258,dickens,6.718190246158176
7,austen,258,melville,7.090442339579265
7,austen,258,wells,6.82490070660909
7,austen,258,austen,5.739855480194092
7,austen,258,fitzgerald,7.015030904249712
7,austen,258,twain,6.980013663952168
7,austen,259,train,5.394990158081055
7,austen,259,baum,6.851192665100098
7,austen,259,thompson,7.280355612436931
7,austen,259,dickens,6.707980473836263
7,austen,259,melville,7.081770181655884
7,austen,259,wells,6.816683689753215
7,austen,259,austen,5.732580137252808
7,austen,259,fitzgerald,7.0072244297374375
7,austen,259,twain,6.971609042241023
7,austen,260,train,5.403209114074707
7,austen,260,baum,6.850860691070556
7,austen,260,thompson,7.275505860646565
7,austen,260,dickens,6.70403175883823
7,austen,260,melville,7.076894442240397
7,austen,260,wells,6.810141801834106
7,austen,260,austen,5.728345441818237
7,austen,260,fitzgerald,7.005323366685347
7,austen,260,twain,6.96282933308528
7,austen,261,train,5.364406871795654
7,austen,261,baum,6.850443840026856
7,austen,261,thompson,7.277817885080974
7,austen,261,dickens,6.702160596847534
7,austen,261,melville,7.07711394627889
7,austen,261,wells,6.810383876164754
7,austen,261,austen,5.725816535949707
7,austen,261,fitzgerald,7.005581725727428
7,austen,261,twain,6.963729931758
7,austen,262,train,5.359186363220215
7,austen,262,baum,6.843209743499756
7,austen,262,thompson,7.27158800760905
7,austen,262,dickens,6.698656903372871
7,austen,262,melville,7.071936130523682
7,austen,262,wells,6.804198821385701
7,austen,262,austen,5.716586399078369
7,austen,262,fitzgerald,7.000376744703813
7,austen,262,twain,6.9577550154465895
7,austen,263,train,5.400700092315674
7,austen,263,baum,6.840784358978271
7,austen,263,thompson,7.2780100504557295
7,austen,263,dickens,6.694931904474895
7,austen,263,melville,7.074311892191569
7,austen,263,wells,6.805173238118489
7,austen,263,austen,5.711363458633423
7,austen,263,fitzgerald,7.0002899603410205
7,austen,263,twain,6.961364562694843
7,austen,264,train,5.347289180755615
7,austen,264,baum,6.842478656768799
7,austen,264,thompson,7.277056376139323
7,austen,264,dickens,6.696852816475762
7,austen,264,melville,7.077953974405925
7,austen,264,wells,6.807452758153279
7,austen,264,austen,5.708484697341919
7,austen,264,fitzgerald,7.000531239943071
7,austen,264,twain,6.963599828573374
7,austen,265,train,5.335738372802735
7,austen,265,baum,6.839400386810302
7,austen,265,thompson,7.276888211568196
7,austen,265,dickens,6.698126845889622
7,austen,265,melville,7.077409108479817
7,austen,265,wells,6.808201789855957
7,austen,265,austen,5.702789735794068
7,austen,265,fitzgerald,6.998642661354759
7,austen,265,twain,6.964413679563082
7,austen,266,train,5.326724624633789
7,austen,266,baum,6.833726310729981
7,austen,266,thompson,7.26637601852417
7,austen,266,dickens,6.685867468516032
7,austen,266,melville,7.064650932947795
7,austen,266,wells,6.794698874155681
7,austen,266,austen,5.697683477401734
7,austen,266,fitzgerald,6.991955106908625
7,austen,266,twain,6.950148472419152
7,austen,267,train,5.343456649780274
7,austen,267,baum,6.836236000061035
7,austen,267,thompson,7.268776416778564
7,austen,267,dickens,6.686643176608616
7,austen,267,melville,7.0714921951293945
7,austen,267,wells,6.7995368639628095
7,austen,267,austen,5.695578622817993
7,austen,267,fitzgerald,6.994174176996404
7,austen,267,twain,6.954617793743427
7,austen,268,train,5.350096988677978
7,austen,268,baum,6.83131628036499
7,austen,268,thompson,7.263624827067058
7,austen,268,dickens,6.684205452601115
7,austen,268,melville,7.065887610117595
7,austen,268,wells,6.792573928833008
7,austen,268,austen,5.690547275543213
7,austen,268,fitzgerald,6.990122535011985
7,austen,268,twain,6.949502944946289
7,austen,269,train,5.301829624176025
7,austen,269,baum,6.83110876083374
7,austen,269,thompson,7.270790100097656
7,austen,269,dickens,6.691071669260661
7,austen,269,melville,7.073142369588216
7,austen,269,wells,6.8003097375233965
7,austen,269,austen,5.688456773757935
7,austen,269,fitzgerald,6.991701516238126
7,austen,269,twain,6.958868686969463
7,austen,270,train,5.295749378204346
7,austen,270,baum,6.828195285797119
7,austen,270,thompson,7.269003550211589
7,austen,270,dickens,6.688651747173733
7,austen,270,melville,7.068873643875122
7,austen,270,wells,6.796065330505371
7,austen,270,austen,5.681371307373047
7,austen,270,fitzgerald,6.988783793015913
7,austen,270,twain,6.95557531943688
7,austen,271,train,5.298755550384522
7,austen,271,baum,6.824657249450683
7,austen,271,thompson,7.263267517089844
7,austen,271,dickens,6.683022472593519
7,austen,271,melville,7.065210103988648
7,austen,271,wells,6.792593320210774
7,austen,271,austen,5.677645492553711
7,austen,271,fitzgerald,6.985176953402433
7,austen,271,twain,6.950377757732685
7,austen,272,train,5.328140926361084
7,austen,272,baum,6.825058650970459
7,austen,272,thompson,7.262791474660237
7,austen,272,dickens,6.683705912695991
7,austen,272,melville,7.065898895263672
7,austen,272,wells,6.793735106786092
7,austen,272,austen,5.677566337585449
7,austen,272,fitzgerald,6.984887426549738
7,austen,272,twain,6.951068291297326
7,austen,273,train,5.301461219787598
7,austen,273,baum,6.820513820648193
7,austen,273,thompson,7.264013767242432
7,austen,273,dickens,6.686696185006036
7,austen,273,melville,7.068238814671834
7,austen,273,wells,6.794965585072835
7,austen,273,austen,5.6716350555419925
7,austen,273,fitzgerald,6.9838597124273125
7,austen,273,twain,6.955214720505935
7,austen,274,train,5.291540241241455
7,austen,274,baum,6.81972770690918
7,austen,274,thompson,7.261903285980225
7,austen,274,dickens,6.6843145158555775
7,austen,274,melville,7.0665977001190186
7,austen,274,wells,6.79337724049886
7,austen,274,austen,5.669704723358154
7,austen,274,fitzgerald,6.982992952520197
7,austen,274,twain,6.951425295609695
7,austen,275,train,5.269088554382324
7,austen,275,baum,6.815349006652832
7,austen,275,thompson,7.262968858083089
7,austen,275,dickens,6.681526237063938
7,austen,275,melville,7.066145181655884
7,austen,275,wells,6.79047425587972
7,austen,275,austen,5.66332974433899
7,austen,275,fitzgerald,6.981323892419988
7,austen,275,twain,6.951911229353684
7,austen,276,train,5.308673095703125
7,austen,276,baum,6.81671371459961
7,austen,276,thompson,7.2603200276692705
7,austen,276,dickens,6.683476289113362
7,austen,276,melville,7.063418467839559
7,austen,276,wells,6.789068857828776
7,austen,276,austen,5.657479524612427
7,austen,276,fitzgerald,6.979178818789396
7,austen,276,twain,6.9517963115985575
7,austen,277,train,5.25492525100708
7,austen,277,baum,6.812224292755127
7,austen,277,thompson,7.261427243550618
7,austen,277,dickens,6.678395668665568
7,austen,277,melville,7.061632712682088
7,austen,277,wells,6.787860870361328
7,austen,277,austen,5.650212287902832
7,austen,277,fitzgerald,6.977971076965332
7,austen,277,twain,6.950693900768574
7,austen,278,train,5.313370609283448
7,austen,278,baum,6.810382556915283
7,austen,278,thompson,7.25623607635498
7,austen,278,dickens,6.674464888042873
7,austen,278,melville,7.061682303746541
7,austen,278,wells,6.782902479171753
7,austen,278,austen,5.644448757171631
7,austen,278,fitzgerald,6.975576314059171
7,austen,278,twain,6.945344668168288
7,austen,279,train,5.2432550430297855
7,austen,279,baum,6.811319065093994
7,austen,279,thompson,7.257993698120117
7,austen,279,dickens,6.67186533080207
7,austen,279,melville,7.060137669245402
7,austen,279,wells,6.783765872319539
7,austen,279,austen,5.641501426696777
7,austen,279,fitzgerald,6.975807233290239
7,austen,279,twain,6.945460539597732
7,austen,280,train,5.251190280914306
7,austen,280,baum,6.80720443725586
7,austen,280,thompson,7.251286665598552
7,austen,280,dickens,6.667791578504774
7,austen,280,melville,7.055463870366414
7,austen,280,wells,6.77861483891805
7,austen,280,austen,5.638413763046264
7,austen,280,fitzgerald,6.9714485081759365
7,austen,280,twain,6.941579011770395
7,austen,281,train,5.250128746032715
7,austen,281,baum,6.810668563842773
7,austen,281,thompson,7.2562785148620605
7,austen,281,dickens,6.673911650975545
7,austen,281,melville,7.063552776972453
7,austen,281,wells,6.785151878992717
7,austen,281,austen,5.635951519012451
7,austen,281,fitzgerald,6.975815903056752
7,austen,281,twain,6.949650691105769
7,austen,282,train,5.267802906036377
7,austen,282,baum,6.810943126678467
7,austen,282,thompson,7.260489145914714
7,austen,282,dickens,6.674301306406657
7,austen,282,melville,7.066033601760864
7,austen,282,wells,6.787235577901204
7,austen,282,austen,5.631980037689209
7,austen,282,fitzgerald,6.976603638042104
7,austen,282,twain,6.953073721665603
7,austen,283,train,5.224763011932373
7,austen,283,baum,6.806689357757568
7,austen,283,thompson,7.257223606109619
7,austen,283,dickens,6.667977121141222
7,austen,283,melville,7.056868394215901
7,austen,283,wells,6.778954108556111
7,austen,283,austen,5.625667905807495
7,austen,283,fitzgerald,6.973050290888006
7,austen,283,twain,6.9437976983877325
7,austen,284,train,5.21370267868042
7,austen,284,baum,6.796899795532227
7,austen,284,thompson,7.251636346181233
7,austen,284,dickens,6.66263829337226
7,austen,284,melville,7.055175383885701
7,austen,284,wells,6.775814215342204
7,austen,284,austen,5.62155590057373
7,austen,284,fitzgerald,6.967789476568049
7,austen,284,twain,6.940973575298603
7,austen,285,train,5.246617317199707
7,austen,285,baum,6.810518455505371
7,austen,285,thompson,7.265440464019775
7,austen,285,dickens,6.679315858417088
7,austen,285,melville,7.074122667312622
7,austen,285,wells,6.791785955429077
7,austen,285,austen,5.621235179901123
7,austen,285,fitzgerald,6.979179945859042
7,austen,285,twain,6.959632726816031
7,austen,286,train,5.229214382171631
7,austen,286,baum,6.795386886596679
7,austen,286,thompson,7.243323485056559
7,austen,286,dickens,6.653995990753174
7,austen,286,melville,7.046410242716472
7,austen,286,wells,6.767978986104329
7,austen,286,austen,5.613656663894654
7,austen,286,fitzgerald,6.964434060183439
7,austen,286,twain,6.93161443563608
7,austen,287,train,5.215740966796875
7,austen,287,baum,6.796778202056885
7,austen,287,thompson,7.247504870096843
7,austen,287,dickens,6.663273917304145
7,austen,287,melville,7.0542252858479815
7,austen,287,wells,6.774104197820027
7,austen,287,austen,5.610956192016602
7,austen,287,fitzgerald,6.964617902582342
7,austen,287,twain,6.939937261434702
7,austen,288,train,5.189416694641113
7,austen,288,baum,6.802255439758301
7,austen,288,thompson,7.261699517567952
7,austen,288,dickens,6.672658019595676
7,austen,288,melville,7.070612510045369
7,austen,288,wells,6.787465254465739
7,austen,288,austen,5.60820083618164
7,austen,288,fitzgerald,6.972791758450595
7,austen,288,twain,6.955253601074219
7,austen,289,train,5.204437065124512
7,austen,289,baum,6.790251064300537
7,austen,289,thompson,7.246457417805989
7,austen,289,dickens,6.65679128964742
7,austen,289,melville,7.048959334691365
7,austen,289,wells,6.769322633743286
7,austen,289,austen,5.6012022495269775
7,austen,289,fitzgerald,6.961923599243164
7,austen,289,twain,6.936414681948149
7,austen,290,train,5.210415935516357
7,austen,290,baum,6.7932741165161135
7,austen,290,thompson,7.252916971842448
7,austen,290,dickens,6.66174856821696
7,austen,290,melville,7.060043176015218
7,austen,290,wells,6.777617772420247
7,austen,290,austen,5.598168420791626
7,austen,290,fitzgerald,6.964431155811656
7,austen,290,twain,6.945041546454797
7,austen,291,train,5.183095836639405
7,austen,291,baum,6.783410453796387
7,austen,291,thompson,7.245104153951009
7,austen,291,dickens,6.654595957862006
7,austen,291,melville,7.045759042104085
7,austen,291,wells,6.765179951985677
7,austen,291,austen,5.590646076202392
7,austen,291,fitzgerald,6.955840847708962
7,austen,291,twain,6.935199334071233
7,austen,292,train,5.198548603057861
7,austen,292,baum,6.788557434082032
7,austen,292,thompson,7.246608893076579
7,austen,292,dickens,6.652699444029066
7,austen,292,melville,7.048633416493733
7,austen,292,wells,6.7656387488047285
7,austen,292,austen,5.588253593444824
7,austen,292,fitzgerald,6.95915733684193
7,austen,292,twain,6.935070367959829
7,austen,293,train,5.154219436645508
7,austen,293,baum,6.788146495819092
7,austen,293,thompson,7.246874968210856
7,austen,293,dickens,6.653041945563422
7,austen,293,melville,7.052943388621013
7,austen,293,wells,6.769521156946818
7,austen,293,austen,5.585869264602661
7,austen,293,fitzgerald,6.960303566672585
7,austen,293,twain,6.938745095179631
7,austen,294,train,5.163614940643311
7,austen,294,baum,6.787173271179199
7,austen,294,thompson,7.252013206481934
7,austen,294,dickens,6.656243589189318
7,austen,294,melville,7.056358019510905
7,austen,294,wells,6.770221471786499
7,austen,294,austen,5.580475854873657
7,austen,294,fitzgerald,6.961506453427401
7,austen,294,twain,6.939826525174654
7,austen,295,train,5.160745906829834
7,austen,295,baum,6.783375644683838
7,austen,295,thompson,7.243945757548015
7,austen,295,dickens,6.653878026538425
7,austen,295,melville,7.050902843475342
7,austen,295,wells,6.766849279403687
7,austen,295,austen,5.578222703933716
7,austen,295,fitzgerald,6.956878445365212
7,austen,295,twain,6.9374710229726935
7,austen,296,train,5.176876831054687
7,austen,296,baum,6.777887058258057
7,austen,296,thompson,7.2392341295878095
7,austen,296,dickens,6.642042371961805
7,austen,296,melville,7.042426347732544
7,austen,296,wells,6.757819811503093
7,austen,296,austen,5.572522163391113
7,austen,296,fitzgerald,6.951824144883589
7,austen,296,twain,6.926506812755878
7,austen,297,train,5.170874786376953
7,austen,297,baum,6.781311511993408
7,austen,297,thompson,7.243547280629476
7,austen,297,dickens,6.64913206630283
7,austen,297,melville,7.050113519032796
7,austen,297,wells,6.762558062871297
7,austen,297,austen,5.569769096374512
7,austen,297,fitzgerald,6.954165458679199
7,austen,297,twain,6.935371362246
7,austen,298,train,5.193046474456788
7,austen,298,baum,6.779189682006836
7,austen,298,thompson,7.243481794993083
7,austen,298,dickens,6.646162668863933
7,austen,298,melville,7.051264842351277
7,austen,298,wells,6.765416145324707
7,austen,298,austen,5.5660144805908205
7,austen,298,fitzgerald,6.95448771390048
7,austen,298,twain,6.935637437380278
7,austen,299,train,5.149614334106445
7,austen,299,baum,6.773878669738769
7,austen,299,thompson,7.239470958709717
7,austen,299,dickens,6.644774622387356
7,austen,299,melville,7.048156102498372
7,austen,299,wells,6.761266469955444
7,austen,299,austen,5.562658977508545
7,austen,299,fitzgerald,6.950185212222013
7,austen,299,twain,6.932523764096773
7,austen,300,train,5.138260173797607
7,austen,300,baum,6.782137107849121
7,austen,300,thompson,7.249761899312337
7,austen,300,dickens,6.652142233318752
7,austen,300,melville,7.057610193888347
7,austen,300,wells,6.770793596903483
7,austen,300,austen,5.561103963851929
7,austen,300,fitzgerald,6.958332972093062
7,austen,300,twain,6.941973466139573
7,austen,301,train,5.16272554397583
7,austen,301,baum,6.765770435333252
7,austen,301,thompson,7.231980005900065
7,austen,301,dickens,6.633433183034261
7,austen,301,melville,7.039344549179077
7,austen,301,wells,6.751096487045288
7,austen,301,austen,5.553927326202393
7,austen,301,fitzgerald,6.943779251792214
7,austen,301,twain,6.922976347116324
7,austen,302,train,5.096300315856934
7,austen,302,baum,6.772861194610596
7,austen,302,thompson,7.237932523091634
7,austen,302,dickens,6.640644391377767
7,austen,302,melville,7.049669186274211
7,austen,302,wells,6.761135419209798
7,austen,302,austen,5.556192779541016
7,austen,302,fitzgerald,6.948517799377441
7,austen,302,twain,6.932662376990685
7,austen,303,train,5.122514629364014
7,austen,303,baum,6.774149608612061
7,austen,303,thompson,7.242711067199707
7,austen,303,dickens,6.639854696061876
7,austen,303,melville,7.045778274536133
7,austen,303,wells,6.757085879643758
7,austen,303,austen,5.548720741271973
7,austen,303,fitzgerald,6.948929309844971
7,austen,303,twain,6.933031448951135
7,austen,304,train,5.118137836456299
7,austen,304,baum,6.773971557617188
7,austen,304,thompson,7.237308184305827
7,austen,304,dickens,6.636990573671129
7,austen,304,melville,7.043264230092366
7,austen,304,wells,6.753618876139323
7,austen,304,austen,5.545634365081787
7,austen,304,fitzgerald,6.947223143144087
7,austen,304,twain,6.926191513354961
7,austen,305,train,5.131116580963135
7,austen,305,baum,6.771713161468506
7,austen,305,thompson,7.238663991292317
7,austen,305,dickens,6.635209851794773
7,austen,305,melville,7.045190731684367
7,austen,305,wells,6.755452394485474
7,austen,305,austen,5.542616319656372
7,austen,305,fitzgerald,6.947435335679487
7,austen,305,twain,6.928227314582238
7,austen,306,train,5.115910530090332
7,austen,306,baum,6.7701390266418455
7,austen,306,thompson,7.235795815785726
7,austen,306,dickens,6.634349319669935
7,austen,306,melville,7.042258898417155
7,austen,306,wells,6.7529003620147705
7,austen,306,austen,5.540062618255615
7,austen,306,fitzgerald,6.9456117803400215
7,austen,306,twain,6.925323559687688
7,austen,307,train,5.147018146514893
7,austen,307,baum,6.764188385009765
7,austen,307,thompson,7.229430039723714
7,austen,307,dickens,6.630536635716756
7,austen,307,melville,7.032913366953532
7,austen,307,wells,6.747018337249756
7,austen,307,austen,5.53418927192688
7,austen,307,fitzgerald,6.939482948996804
7,austen,307,twain,6.92186949803279
7,austen,308,train,5.142344570159912
7,austen,308,baum,6.777448940277099
7,austen,308,thompson,7.243652820587158
7,austen,308,dickens,6.639841847949558
7,austen,308,melville,7.053841908772786
7,austen,308,wells,6.761741399765015
7,austen,308,austen,5.534316158294677
7,austen,308,fitzgerald,6.949421015652743
7,austen,308,twain,6.934662672189566
7,austen,309,train,5.123163318634033
7,austen,309,baum,6.764675331115723
7,austen,309,thompson,7.234786033630371
7,austen,309,dickens,6.63358457883199
7,austen,309,melville,7.040167172749837
7,austen,309,wells,6.750158150990804
7,austen,309,austen,5.52905969619751
7,austen,309,fitzgerald,6.9405835325067695
7,austen,309,twain,6.925181755652795
7,austen,310,train,5.102222442626953
7,austen,310,baum,6.766826915740967
7,austen,310,thompson,7.236283143361409
7,austen,310,dickens,6.633572234047784
7,austen,310,melville,7.046667098999023
7,austen,310,wells,6.753342231114705
7,austen,310,austen,5.527853536605835
7,austen,310,fitzgerald,6.9435107491233135
7,austen,310,twain,6.926901340484619
7,austen,311,train,5.063046550750732
7,austen,311,baum,6.767863941192627
7,austen,311,thompson,7.234049161275228
7,austen,311,dickens,6.63257622718811
7,austen,311,melville,7.041515906651815
7,austen,311,wells,6.749751329421997
7,austen,311,austen,5.5250286102294925
7,austen,311,fitzgerald,6.942225889726118
7,austen,311,twain,6.9247600848858175
7,austen,312,train,5.079214286804199
7,austen,312,baum,6.771174335479737
7,austen,312,thompson,7.238248984018962
7,austen,312,dickens,6.637143161561754
7,austen,312,melville,7.048807779947917
7,austen,312,wells,6.754973649978638
7,austen,312,austen,5.52523365020752
7,austen,312,fitzgerald,6.946433717554266
7,austen,312,twain,6.931031373830942
7,austen,313,train,5.088337421417236
7,austen,313,baum,6.760918235778808
7,austen,313,thompson,7.228837807973226
7,austen,313,dickens,6.632016128963894
7,austen,313,melville,7.041641553243001
7,austen,313,wells,6.752182086308797
7,austen,313,austen,5.52090802192688
7,austen,313,fitzgerald,6.939297459342263
7,austen,313,twain,6.9273385267991285
7,austen,314,train,5.1026609420776365
7,austen,314,baum,6.771314907073974
7,austen,314,thompson,7.243755499521892
7,austen,314,dickens,6.640193462371826
7,austen,314,melville,7.054865757624309
7,austen,314,wells,6.760999441146851
7,austen,314,austen,5.517304801940918
7,austen,314,fitzgerald,6.947653857144442
7,austen,314,twain,6.93750968346229
7,austen,315,train,5.076484298706054
7,austen,315,baum,6.761579036712647
7,austen,315,thompson,7.228540738423665
7,austen,315,dickens,6.622233496771918
7,austen,315,melville,7.034461418787639
7,austen,315,wells,6.745648463567098
7,austen,315,austen,5.508498859405518
7,austen,315,fitzgerald,6.936214923858643
7,austen,315,twain,6.920310900761531
7,austen,316,train,5.077227210998535
7,austen,316,baum,6.76847620010376
7,austen,316,thompson,7.241886774698893
7,austen,316,dickens,6.631183200412327
7,austen,316,melville,7.049164056777954
7,austen,316,wells,6.7531898021698
7,austen,316,austen,5.50772066116333
7,austen,316,fitzgerald,6.945079976862127
7,austen,316,twain,6.929161511934721
7,austen,317,train,5.06466646194458
7,austen,317,baum,6.753998947143555
7,austen,317,thompson,7.228176116943359
7,austen,317,dickens,6.62025801340739
7,austen,317,melville,7.035718679428101
7,austen,317,wells,6.741601387659709
7,austen,317,austen,5.50162558555603
7,austen,317,fitzgerald,6.933198538693515
7,austen,317,twain,6.919144703791692
7,austen,318,train,5.03241376876831
7,austen,318,baum,6.759875392913818
7,austen,318,thompson,7.235212643941243
7,austen,318,dickens,6.623743110232883
7,austen,318,melville,7.040984551111857
7,austen,318,wells,6.746697107950847
7,austen,318,austen,5.498672437667847
7,austen,318,fitzgerald,6.939493309367787
7,austen,318,twain,6.923951992621789
7,austen,319,train,5.042915153503418
7,austen,319,baum,6.750294780731201
7,austen,319,thompson,7.228099664052327
7,austen,319,dickens,6.614127582973904
7,austen,319,melville,7.028583129247029
7,austen,319,wells,6.7358652750651045
7,austen,319,austen,5.49279670715332
7,austen,319,fitzgerald,6.931033871390603
7,austen,319,twain,6.911576454456036
7,austen,320,train,5.032643604278564
7,austen,320,baum,6.756588554382324
7,austen,320,thompson,7.230384826660156
7,austen,320,dickens,6.6195349428388806
7,austen,320,melville,7.039899110794067
7,austen,320,wells,6.743612130482991
7,austen,320,austen,5.493772220611572
7,austen,320,fitzgerald,6.936556686054576
7,austen,320,twain,6.920578002929688
7,austen,321,train,5.05783977508545
7,austen,321,baum,6.746932601928711
7,austen,321,thompson,7.221219698588054
7,austen,321,dickens,6.6069656478034124
7,austen,321,melville,7.025065581003825
7,austen,321,wells,6.7275307178497314
7,austen,321,austen,5.489497947692871
7,austen,321,fitzgerald,6.927583434365013
7,austen,321,twain,6.903742680182824
7,austen,322,train,5.034564399719239
7,austen,322,baum,6.751669883728027
7,austen,322,thompson,7.22980531056722
7,austen,322,dickens,6.613855176501804
7,austen,322,melville,7.037629922231038
7,austen,322,wells,6.737918376922607
7,austen,322,austen,5.489372062683105
7,austen,322,fitzgerald,6.932149887084961
7,austen,322,twain,6.914759122408354
7,austen,323,train,5.0028564453125
7,austen,323,baum,6.750486946105957
7,austen,323,thompson,7.226625442504883
7,austen,323,dickens,6.619437985950047
7,austen,323,melville,7.031038999557495
7,austen,323,wells,6.736310799916585
7,austen,323,austen,5.487147092819214
7,austen,323,fitzgerald,6.929319815202192
7,austen,323,twain,6.916669332064116
7,austen,324,train,5.016582298278808
7,austen,324,baum,6.748821830749511
7,austen,324,thompson,7.230066935221354
7,austen,324,dickens,6.618923372692532
7,austen,324,melville,7.039137522379558
7,austen,324,wells,6.73868711789449
7,austen,324,austen,5.485007333755493
7,austen,324,fitzgerald,6.930601380088112
7,austen,324,twain,6.918947293208196
7,austen,325,train,5.009567070007324
7,austen,325,baum,6.745952415466308
7,austen,325,thompson,7.220459779103597
7,austen,325,dickens,6.613621340857612
7,austen,325,melville,7.027966340382894
7,austen,325,wells,6.732392867406209
7,austen,325,austen,5.480283737182617
7,austen,325,fitzgerald,6.925661433826793
7,austen,325,twain,6.911842639629658
7,austen,326,train,5.0290227890014645
7,austen,326,baum,6.754726600646973
7,austen,326,thompson,7.229976495107015
7,austen,326,dickens,6.6182726754082575
7,austen,326,melville,7.037839651107788
7,austen,326,wells,6.7402604420979815
7,austen,326,austen,5.480432510375977
7,austen,326,fitzgerald,6.933206081390381
7,austen,326,twain,6.919002092801607
7,austen,327,train,5.011576080322266
7,austen,327,baum,6.750325679779053
7,austen,327,thompson,7.227934996287028
7,austen,327,dickens,6.612933529747857
7,austen,327,melville,7.033944288889567
7,austen,327,wells,6.734524806340535
7,austen,327,austen,5.473704624176025
7,austen,327,fitzgerald,6.929368582638827
7,austen,327,twain,6.913717600015493
7,austen,328,train,5.033870220184326
7,austen,328,baum,6.755676651000977
7,austen,328,thompson,7.237741311391194
7,austen,328,dickens,6.62034625477261
7,austen,328,melville,7.043393135070801
7,austen,328,wells,6.74383807182312
7,austen,328,austen,5.473447656631469
7,austen,328,fitzgerald,6.935504696585915
7,austen,328,twain,6.926542208744929
7,austen,329,train,4.982469463348389
7,austen,329,baum,6.750559711456299
7,austen,329,thompson,7.226183732350667
7,austen,329,dickens,6.612024916542901
7,austen,329,melville,7.030079523722331
7,austen,329,wells,6.732370615005493
7,austen,329,austen,5.468500280380249
7,austen,329,fitzgerald,6.929670854048296
7,austen,329,twain,6.912998749659612
7,austen,330,train,4.974555397033692
7,austen,330,baum,6.743773365020752
7,austen,330,thompson,7.223952929178874
7,austen,330,dickens,6.61032509803772
7,austen,330,melville,7.032870928446452
7,austen,330,wells,6.733738978703816
7,austen,330,austen,5.466936492919922
7,austen,330,fitzgerald,6.927474021911621
7,austen,330,twain,6.912281146416297
7,austen,331,train,5.045696163177491
7,austen,331,baum,6.749415397644043
7,austen,331,thompson,7.233396371205647
7,austen,331,dickens,6.614878416061401
7,austen,331,melville,7.040064891179402
7,austen,331,wells,6.739524364471436
7,austen,331,austen,5.46338381767273
7,austen,331,fitzgerald,6.931133703751997
7,austen,331,twain,6.920825334695669
7,austen,332,train,4.991868019104004
7,austen,332,baum,6.744330787658692
7,austen,332,thompson,7.231407642364502
7,austen,332,dickens,6.613366259468926
7,austen,332,melville,7.034931818644206
7,austen,332,wells,6.734995444615682
7,austen,332,austen,5.460355615615844
7,austen,332,fitzgerald,6.9285218932411885
7,austen,332,twain,6.9180725537813625
7,austen,333,train,4.995117378234864
7,austen,333,baum,6.73891773223877
7,austen,333,thompson,7.223012606302897
7,austen,333,dickens,6.604291068183051
7,austen,333,melville,7.026049455006917
7,austen,333,wells,6.725231409072876
7,austen,333,austen,5.455296468734741
7,austen,333,fitzgerald,6.922748348929665
7,austen,333,twain,6.906666865715613
7,austen,334,train,4.993726348876953
7,austen,334,baum,6.744590950012207
7,austen,334,thompson,7.228220303853353
7,austen,334,dickens,6.609664095772637
7,austen,334,melville,7.031989892323812
7,austen,334,wells,6.730188687642415
7,austen,334,austen,5.453102254867554
7,austen,334,fitzgerald,6.926707311110063
7,austen,334,twain,6.912529872013972
7,austen,335,train,4.998923969268799
7,austen,335,baum,6.740149211883545
7,austen,335,thompson,7.223280906677246
7,austen,335,dickens,6.599555201000637
7,austen,335,melville,7.029569149017334
7,austen,335,wells,6.7251536051432295
7,austen,335,austen,5.448239326477051
7,austen,335,fitzgerald,6.924665407700972
7,austen,335,twain,6.905048186962421
7,austen,336,train,4.971193313598633
7,austen,336,baum,6.744245052337647
7,austen,336,thompson,7.228136698404948
7,austen,336,dickens,6.606114255057441
7,austen,336,melville,7.030429840087891
7,austen,336,wells,6.731068134307861
7,austen,336,austen,5.443743944168091
7,austen,336,fitzgerald,6.928230805830522
7,austen,336,twain,6.910634737748366
7,austen,337,train,4.982602596282959
7,austen,337,baum,6.742596340179444
7,austen,337,thompson,7.228564898173015
7,austen,337,dickens,6.604797866609362
7,austen,337,melville,7.028919061024983
7,austen,337,wells,6.727206786473592
7,austen,337,austen,5.443561220169068
7,austen,337,fitzgerald,6.925373727625066
7,austen,337,twain,6.90978453709529
7,austen,338,train,4.973886966705322
7,austen,338,baum,6.7392786026000975
7,austen,338,thompson,7.225145657857259
7,austen,338,dickens,6.604782846238878
7,austen,338,melville,7.029664595921834
7,austen,338,wells,6.7270580132802325
7,austen,338,austen,5.44292893409729
7,austen,338,fitzgerald,6.9224558743563565
7,austen,338,twain,6.908616396097036
7,austen,339,train,5.00770320892334
7,austen,339,baum,6.735539340972901
7,austen,339,thompson,7.222875595092773
7,austen,339,dickens,6.600092464023167
7,austen,339,melville,7.023871183395386
7,austen,339,wells,6.720578114191691
7,austen,339,austen,5.438761472702026
7,austen,339,fitzgerald,6.919280355626887
7,austen,339,twain,6.902706072880672
7,austen,340,train,4.956533622741699
7,austen,340,baum,6.741250610351562
7,austen,340,thompson,7.230389912923177
7,austen,340,dickens,6.609264956580268
7,austen,340,melville,7.034717559814453
7,austen,340,wells,6.73187518119812
7,austen,340,austen,5.439823484420776
7,austen,340,fitzgerald,6.925648299130526
7,austen,340,twain,6.916041630965013
7,austen,341,train,4.976764297485351
7,austen,341,baum,6.751324272155761
7,austen,341,thompson,7.236625512440999
7,austen,341,dickens,6.61419677734375
7,austen,341,melville,7.042140960693359
7,austen,341,wells,6.738200982411702
7,austen,341,austen,5.43938889503479
7,austen,341,fitzgerald,6.932360822504217
7,austen,341,twain,6.923073071699876
7,austen,342,train,4.97132453918457
7,austen,342,baum,6.736984920501709
7,austen,342,thompson,7.223664919535319
7,austen,342,dickens,6.602076000637478
7,austen,342,melville,7.029629786809285
7,austen,342,wells,6.725929896036784
7,austen,342,austen,5.432434988021851
7,austen,342,fitzgerald,6.91973690553145
7,austen,342,twain,6.908071407904992
7,austen,343,train,4.97780065536499
7,austen,343,baum,6.743859481811524
7,austen,343,thompson,7.234444618225098
7,austen,343,dickens,6.609781053331163
7,austen,343,melville,7.037590742111206
7,austen,343,wells,6.735244989395142
7,austen,343,austen,5.429822015762329
7,austen,343,fitzgerald,6.927587249062278
7,austen,343,twain,6.920422627375676
7,austen,344,train,4.978629207611084
7,austen,344,baum,6.742174816131592
7,austen,344,thompson,7.229941685994466
7,austen,344,dickens,6.605203840467665
7,austen,344,melville,7.0382340749104815
7,austen,344,wells,6.730449358622233
7,austen,344,austen,5.430862903594971
7,austen,344,fitzgerald,6.925455266779119
7,austen,344,twain,6.912366573627178
7,austen,345,train,4.966406917572021
7,austen,345,baum,6.733389091491699
7,austen,345,thompson,7.225052833557129
7,austen,345,dickens,6.5933102236853705
7,austen,345,melville,7.0243237018585205
7,austen,345,wells,6.718762954076131
7,austen,345,austen,5.422528123855591
7,austen,345,fitzgerald,6.919780167666349
7,austen,345,twain,6.904056218954233
7,austen,346,train,4.935142993927002
7,austen,346,baum,6.744359874725342
7,austen,346,thompson,7.235937754313151
7,austen,346,dickens,6.606552892261082
7,austen,346,melville,7.037409067153931
7,austen,346,wells,6.729301532109578
7,austen,346,austen,5.423183345794678
7,austen,346,fitzgerald,6.927140539342707
7,austen,346,twain,6.916632175445557
7,austen,347,train,4.953853607177734
7,austen,347,baum,6.735670948028565
7,austen,347,thompson,7.229920864105225
7,austen,347,dickens,6.597059673733181
7,austen,347,melville,7.029295126597087
7,austen,347,wells,6.720389048258464
7,austen,347,austen,5.421104478836059
7,austen,347,fitzgerald,6.923961292613637
7,austen,347,twain,6.906902753389799
7,austen,348,train,4.978439044952393
7,austen,348,baum,6.730821990966797
7,austen,348,thompson,7.222246646881103
7,austen,348,dickens,6.595972935358684
7,austen,348,melville,7.027229865392049
7,austen,348,wells,6.720660130182902
7,austen,348,austen,5.416804075241089
7,austen,348,fitzgerald,6.917260603471235
7,austen,348,twain,6.905169560359075
7,austen,349,train,4.923643302917481
7,austen,349,baum,6.748283958435058
7,austen,349,thompson,7.241708437601726
7,austen,349,dickens,6.617708524068196
7,austen,349,melville,7.051602363586426
7,austen,349,wells,6.743581692377727
7,austen,349,austen,5.421006345748902
7,austen,349,fitzgerald,6.932178540663286
7,austen,349,twain,6.929808543278621
7,austen,350,train,4.965282344818116
7,austen,350,baum,6.735410881042481
7,austen,350,thompson,7.224196116129558
7,austen,350,dickens,6.597332265641954
7,austen,350,melville,7.028985023498535
7,austen,350,wells,6.721662680308024
7,austen,350,austen,5.414854907989502
7,austen,350,fitzgerald,6.919501131231135
7,austen,350,twain,6.907474811260517
7,austen,351,train,4.919473934173584
7,austen,351,baum,6.742126274108887
7,austen,351,thompson,7.231679757436116
7,austen,351,dickens,6.6039793491363525
7,austen,351,melville,7.036173899968465
7,austen,351,wells,6.726758241653442
7,austen,351,austen,5.412343883514405
7,austen,351,fitzgerald,6.923480033874512
7,austen,351,twain,6.9151028119600735
7,austen,352,train,4.921912288665771
7,austen,352,baum,6.739092445373535
7,austen,352,thompson,7.23133659362793
7,austen,352,dickens,6.60198179880778
7,austen,352,melville,7.039388020833333
7,austen,352,wells,6.725957632064819
7,austen,352,austen,5.410969209671021
7,austen,352,fitzgerald,6.921585473147306
7,austen,352,twain,6.913454275864821
7,austen,353,train,4.901074409484863
7,austen,353,baum,6.738398647308349
7,austen,353,thompson,7.231145858764648
7,austen,353,dickens,6.598206043243408
7,austen,353,melville,7.033370653788249
7,austen,353,wells,6.724170049031575
7,austen,353,austen,5.4044873237609865
7,austen,353,fitzgerald,6.922901370308616
7,austen,353,twain,6.912853791163518
7,austen,354,train,4.908306884765625
7,austen,354,baum,6.733814525604248
7,austen,354,thompson,7.229043006896973
7,austen,354,dickens,6.595307376649645
7,austen,354,melville,7.030110836029053
7,austen,354,wells,6.720267613728841
7,austen,354,austen,5.398459529876709
7,austen,354,fitzgerald,6.92086748643355
7,austen,354,twain,6.9074542705829325
7,austen,355,train,4.899378776550293
7,austen,355,baum,6.740246295928955
7,austen,355,thompson,7.230995814005534
7,austen,355,dickens,6.600136068132189
7,austen,355,melville,7.03770383199056
7,austen,355,wells,6.726385990778605
7,austen,355,austen,5.4013221740722654
7,austen,355,fitzgerald,6.924920082092285
7,austen,355,twain,6.913114511049711
7,austen,356,train,4.928755569458008
7,austen,356,baum,6.734960269927979
7,austen,356,thompson,7.22615114847819
7,austen,356,dickens,6.593477063708836
7,austen,356,melville,7.029980580012004
7,austen,356,wells,6.718631744384766
7,austen,356,austen,5.396907043457031
7,austen,356,fitzgerald,6.919468532909047
7,austen,356,twain,6.906060769007756
7,austen,357,train,4.885228443145752
7,austen,357,baum,6.732605934143066
7,austen,357,thompson,7.226297378540039
7,austen,357,dickens,6.588085545433892
7,austen,357,melville,7.027409871419271
7,austen,357,wells,6.716132799784343
7,austen,357,austen,5.3932520866394045
7,austen,357,fitzgerald,6.921168414029208
7,austen,357,twain,6.9012986696683445
7,austen,358,train,4.890114402770996
7,austen,358,baum,6.736767101287842
7,austen,358,thompson,7.23146375020345
7,austen,358,dickens,6.602360010147095
7,austen,358,melville,7.041726430257161
7,austen,358,wells,6.728060642878215
7,austen,358,austen,5.396029138565064
7,austen,358,fitzgerald,6.922270731492476
7,austen,358,twain,6.916653926555927
7,austen,359,train,4.910404682159424
7,austen,359,baum,6.729959106445312
7,austen,359,thompson,7.221973896026611
7,austen,359,dickens,6.586539533403185
7,austen,359,melville,7.022595643997192
7,austen,359,wells,6.714308897654216
7,austen,359,austen,5.388365983963013
7,austen,359,fitzgerald,6.916421066630971
7,austen,359,twain,6.901991073901836
7,austen,360,train,4.866960430145264
7,austen,360,baum,6.732265377044678
7,austen,360,thompson,7.227431774139404
7,austen,360,dickens,6.58856185277303
7,austen,360,melville,7.02538553873698
7,austen,360,wells,6.717356125513713
7,austen,360,austen,5.387459468841553
7,austen,360,fitzgerald,6.918303099545565
7,austen,360,twain,6.905796894660363
7,austen,361,train,4.844820213317871
7,austen,361,baum,6.736677932739258
7,austen,361,thompson,7.23193883895874
7,austen,361,dickens,6.59509629673428
7,austen,361,melville,7.03781533241272
7,austen,361,wells,6.72563378016154
7,austen,361,austen,5.387112855911255
7,austen,361,fitzgerald,6.92320407520641
7,austen,361,twain,6.913223670079158
7,austen,362,train,4.936682796478271
7,austen,362,baum,6.731632137298584
7,austen,362,thompson,7.227150281270345
7,austen,362,dickens,6.595154868231879
7,austen,362,melville,7.031446139017741
7,austen,362,wells,6.719549417495728
7,austen,362,austen,5.383987331390381
7,austen,362,fitzgerald,6.92018426548351
7,austen,362,twain,6.907985357137827
7,austen,363,train,4.882630729675293
7,austen,363,baum,6.736382007598877
7,austen,363,thompson,7.231775442759196
7,austen,363,dickens,6.595517582363552
7,austen,363,melville,7.041088422139485
7,austen,363,wells,6.727190891901652
7,austen,363,austen,5.384877157211304
7,austen,363,fitzgerald,6.922867168079723
7,austen,363,twain,6.914103141197791
7,austen,364,train,4.847460174560547
7,austen,364,baum,6.73641996383667
7,austen,364,thompson,7.234482765197754
7,austen,364,dickens,6.598743041356404
7,austen,364,melville,7.036939382553101
7,austen,364,wells,6.725229501724243
7,austen,364,austen,5.384501457214356
7,austen,364,fitzgerald,6.923204812136564
7,austen,364,twain,6.915495542379526
7,austen,365,train,4.916280746459961
7,austen,365,baum,6.730251789093018
7,austen,365,thompson,7.226586659749349
7,austen,365,dickens,6.587652497821384
7,austen,365,melville,7.030335744222005
7,austen,365,wells,6.7168582280476885
7,austen,365,austen,5.378096199035644
7,austen,365,fitzgerald,6.917587366971103
7,austen,365,twain,6.904123416313758
7,austen,366,train,4.890436363220215
7,austen,366,baum,6.732464504241944
7,austen,366,thompson,7.234583695729573
7,austen,366,dickens,6.592989100350274
7,austen,366,melville,7.032387971878052
7,austen,366,wells,6.7202653884887695
7,austen,366,austen,5.37702260017395
7,austen,366,fitzgerald,6.920306249098345
7,austen,366,twain,6.909222859602708
7,austen,367,train,4.873657321929931
7,austen,367,baum,6.729965019226074
7,austen,367,thompson,7.22736120223999
7,austen,367,dickens,6.590863810645209
7,austen,367,melville,7.032682180404663
7,austen,367,wells,6.718197584152222
7,austen,367,austen,5.376034212112427
7,austen,367,fitzgerald,6.916931369087913
7,austen,367,twain,6.907804929293119
7,austen,368,train,4.841434192657471
7,austen,368,baum,6.732443332672119
7,austen,368,thompson,7.234948476155599
7,austen,368,dickens,6.59553419219123
7,austen,368,melville,7.039772828420003
7,austen,368,wells,6.724321683247884
7,austen,368,austen,5.374249410629273
7,austen,368,fitzgerald,6.922379667108709
7,austen,368,twain,6.915474671583909
7,austen,369,train,4.862321662902832
7,austen,369,baum,6.7287266731262205
7,austen,369,thompson,7.236218452453613
7,austen,369,dickens,6.59519706832038
7,austen,369,melville,7.031491120656331
7,austen,369,wells,6.720552921295166
7,austen,369,austen,5.368042039871216
7,austen,369,fitzgerald,6.917938275770708
7,austen,369,twain,6.912834644317627
7,austen,370,train,4.860271167755127
7,austen,370,baum,6.731225681304932
7,austen,370,thompson,7.228866259256999
7,austen,370,dickens,6.584548049502903
7,austen,370,melville,7.027499993642171
7,austen,370,wells,6.714220285415649
7,austen,370,austen,5.368864440917969
7,austen,370,fitzgerald,6.916970469734886
7,austen,370,twain,6.903504921839788
7,austen,371,train,4.825026226043701
7,austen,371,baum,6.736115741729736
7,austen,371,thompson,7.239828268686931
7,austen,371,dickens,6.595310502582127
7,austen,371,melville,7.037929058074951
7,austen,371,wells,6.724262475967407
7,austen,371,austen,5.368320369720459
7,austen,371,fitzgerald,6.92454853924838
7,austen,371,twain,6.916579576639029
7,austen,372,train,4.827605152130127
7,austen,372,baum,6.725109672546386
7,austen,372,thompson,7.22515058517456
7,austen,372,dickens,6.582641786999172
7,austen,372,melville,7.026397307713826
7,austen,372,wells,6.709887107213338
7,austen,372,austen,5.36024923324585
7,austen,372,fitzgerald,6.914464517073198
7,austen,372,twain,6.899724226731521
7,austen,373,train,4.87223596572876
7,austen,373,baum,6.736889171600342
7,austen,373,thompson,7.241767088572184
7,austen,373,dickens,6.59668215115865
7,austen,373,melville,7.038524627685547
7,austen,373,wells,6.7226293087005615
7,austen,373,austen,5.360587644577026
7,austen,373,fitzgerald,6.924792419780385
7,austen,373,twain,6.914860945481521
7,austen,374,train,4.827078342437744
7,austen,374,baum,6.721682262420655
7,austen,374,thompson,7.227319081624349
7,austen,374,dickens,6.5840232902103
7,austen,374,melville,7.027455886205037
7,austen,374,wells,6.711774428685506
7,austen,374,austen,5.358318185806274
7,austen,374,fitzgerald,6.913836999373003
7,austen,374,twain,6.901241962726299
7,austen,375,train,4.8245597839355465
7,austen,375,baum,6.739485073089599
7,austen,375,thompson,7.247464815775554
7,austen,375,dickens,6.60264605946011
7,austen,375,melville,7.046451568603516
7,austen,375,wells,6.726900418599446
7,austen,375,austen,5.357380390167236
7,austen,375,fitzgerald,6.927158442410556
7,austen,375,twain,6.92122430067796
7,austen,376,train,4.830199241638184
7,austen,376,baum,6.725393867492675
7,austen,376,thompson,7.23117208480835
7,austen,376,dickens,6.583654589123196
7,austen,376,melville,7.025588035583496
7,austen,376,wells,6.70930830637614
7,austen,376,austen,5.349795389175415
7,austen,376,fitzgerald,6.914875724098899
7,austen,376,twain,6.901987662682166
7,austen,377,train,4.822813224792481
7,austen,377,baum,6.7270125389099125
7,austen,377,thompson,7.235997358957927
7,austen,377,dickens,6.587719122568767
7,austen,377,melville,7.035128116607666
7,austen,377,wells,6.7166885534922285
7,austen,377,austen,5.352500009536743
7,austen,377,fitzgerald,6.9171443419023
7,austen,377,twain,6.909554188068096
7,austen,378,train,4.806736850738526
7,austen,378,baum,6.73490161895752
7,austen,378,thompson,7.244182586669922
7,austen,378,dickens,6.593978616926405
7,austen,378,melville,7.039235432942708
7,austen,378,wells,6.721449772516887
7,austen,378,austen,5.350513982772827
7,austen,378,fitzgerald,6.922422755848277
7,austen,378,twain,6.9152805255009575
7,austen,379,train,4.826353740692139
7,austen,379,baum,6.721370983123779
7,austen,379,thompson,7.228821754455566
7,austen,379,dickens,6.574581940968831
7,austen,379,melville,7.021481990814209
7,austen,379,wells,6.705536683400472
7,austen,379,austen,5.344365549087525
7,austen,379,fitzgerald,6.915659687735817
7,austen,379,twain,6.900032593653752
7,austen,380,train,4.80554313659668
7,austen,380,baum,6.729922676086426
7,austen,380,thompson,7.239350318908691
7,austen,380,dickens,6.592200517654419
7,austen,380,melville,7.044085741043091
7,austen,380,wells,6.721067031224568
7,austen,380,austen,5.347804832458496
7,austen,380,fitzgerald,6.921697746623647
7,austen,380,twain,6.915381504939153
7,austen,381,train,4.797549819946289
7,austen,381,baum,6.729444217681885
7,austen,381,thompson,7.235750039418538
7,austen,381,dickens,6.591560257805718
7,austen,381,melville,7.03587794303894
7,austen,381,wells,6.718978404998779
7,austen,381,austen,5.347793388366699
7,austen,381,fitzgerald,6.920231819152832
7,austen,381,twain,6.91234276844905
7,austen,382,train,4.790499114990235
7,austen,382,baum,6.7293414115905765
7,austen,382,thompson,7.239248911539714
7,austen,382,dickens,6.587332487106323
7,austen,382,melville,7.0353444417317705
7,austen,382,wells,6.7173144817352295
7,austen,382,austen,5.344791841506958
7,austen,382,fitzgerald,6.9206109480424365
7,austen,382,twain,6.910279640784631
7,austen,383,train,4.817508792877197
7,austen,383,baum,6.729968547821045
7,austen,383,thompson,7.238175551096599
7,austen,383,dickens,6.590184900495741
7,austen,383,melville,7.037254571914673
7,austen,383,wells,6.720002889633179
7,austen,383,austen,5.340759897232056
7,austen,383,fitzgerald,6.921240416440097
7,austen,383,twain,6.913153758415809
7,austen,384,train,4.808836460113525
7,austen,384,baum,6.727042579650879
7,austen,384,thompson,7.236424922943115
7,austen,384,dickens,6.583651516172621
7,austen,384,melville,7.033392190933228
7,austen,384,wells,6.715960741043091
7,austen,384,austen,5.337981224060059
7,austen,384,fitzgerald,6.921369856054133
7,austen,384,twain,6.910175323486328
7,austen,385,train,4.804954719543457
7,austen,385,baum,6.730807685852051
7,austen,385,thompson,7.238509019215901
7,austen,385,dickens,6.58884244494968
7,austen,385,melville,7.040426731109619
7,austen,385,wells,6.718105316162109
7,austen,385,austen,5.340225172042847
7,austen,385,fitzgerald,6.922220576893199
7,austen,385,twain,6.91313230074369
7,austen,386,train,4.788711833953857
7,austen,386,baum,6.722352695465088
7,austen,386,thompson,7.237910906473796
7,austen,386,dickens,6.584460417429606
7,austen,386,melville,7.031749963760376
7,austen,386,wells,6.7117381890614825
7,austen,386,austen,5.332869577407837
7,austen,386,fitzgerald,6.917376474900679
7,austen,386,twain,6.906961917877197
7,austen,387,train,4.787484455108642
7,austen,387,baum,6.730445289611817
7,austen,387,thompson,7.238755702972412
7,austen,387,dickens,6.587942547268337
7,austen,387,melville,7.0392656326293945
7,austen,387,wells,6.715761105219523
7,austen,387,austen,5.333379697799683
7,austen,387,fitzgerald,6.921231529929421
7,austen,387,twain,6.911483104412373
7,austen,388,train,4.782735443115234
7,austen,388,baum,6.728334999084472
7,austen,388,thompson,7.243422826131185
7,austen,388,dickens,6.5890687306722
7,austen,388,melville,7.038956165313721
7,austen,388,wells,6.718200127283732
7,austen,388,austen,5.328969287872314
7,austen,388,fitzgerald,6.923520218242299
7,austen,388,twain,6.913443271930401
7,austen,389,train,4.791988849639893
7,austen,389,baum,6.723255825042725
7,austen,389,thompson,7.23428996404012
7,austen,389,dickens,6.583830091688368
7,austen,389,melville,7.033575534820557
7,austen,389,wells,6.711640199025472
7,austen,389,austen,5.326135969161987
7,austen,389,fitzgerald,6.917924144051292
7,austen,389,twain,6.9079000032865086
7,austen,390,train,4.766731834411621
7,austen,390,baum,6.727351093292237
7,austen,390,thompson,7.241415023803711
7,austen,390,dickens,6.587240907880995
7,austen,390,melville,7.035711606343587
7,austen,390,wells,6.71550981203715
7,austen,390,austen,5.325075435638428
7,austen,390,fitzgerald,6.921124501661821
7,austen,390,twain,6.9123508013211765
7,austen,391,train,4.793414688110351
7,austen,391,baum,6.738210391998291
7,austen,391,thompson,7.250694433848063
7,austen,391,dickens,6.5951733059353295
7,austen,391,melville,7.0450966358184814
7,austen,391,wells,6.721769491831462
7,austen,391,austen,5.327561759948731
7,austen,391,fitzgerald,6.926133719357577
7,austen,391,twain,6.921360089228704
7,austen,392,train,4.770047569274903
7,austen,392,baum,6.7334342956542965
7,austen,392,thompson,7.246749560038249
7,austen,392,dickens,6.595963213178846
7,austen,392,melville,7.04392949740092
7,austen,392,wells,6.724283615748088
7,austen,392,austen,5.327841901779175
7,austen,392,fitzgerald,6.92363266511397
7,austen,392,twain,6.92156799022968
7,austen,393,train,4.803980159759521
7,austen,393,baum,6.728995609283447
7,austen,393,thompson,7.242502848307292
7,austen,393,dickens,6.588361342748006
7,austen,393,melville,7.042475938796997
7,austen,393,wells,6.717812061309815
7,austen,393,austen,5.326254367828369
7,austen,393,fitzgerald,6.921315409920433
7,austen,393,twain,6.913884676419771
7,austen,394,train,4.760242366790772
7,austen,394,baum,6.729513263702392
7,austen,394,thompson,7.248820622762044
7,austen,394,dickens,6.587762117385864
7,austen,394,melville,7.042243083318074
7,austen,394,wells,6.719667355219523
7,austen,394,austen,5.319234800338745
7,austen,394,fitzgerald,6.923191894184459
7,austen,394,twain,6.9175478128286505
7,austen,395,train,4.771485805511475
7,austen,395,baum,6.729512023925781
7,austen,395,thompson,7.24783976872762
7,austen,395,dickens,6.585790263281928
7,austen,395,melville,7.042856216430664
7,austen,395,wells,6.719049135843913
7,austen,395,austen,5.318088674545288
7,austen,395,fitzgerald,6.925208785317161
7,austen,395,twain,6.916019879854643
7,austen,396,train,4.7807104110717775
7,austen,396,baum,6.7291015625
7,austen,396,thompson,7.245821317036946
7,austen,396,dickens,6.582789023717244
7,austen,396,melville,7.038625081380208
7,austen,396,wells,6.713058392206828
7,austen,396,austen,5.31555027961731
7,austen,396,fitzgerald,6.923883958296343
7,austen,396,twain,6.910744373614971
7,austen,397,train,4.782681465148926
7,austen,397,baum,6.727939605712891
7,austen,397,thompson,7.246060212453206
7,austen,397,dickens,6.586078511344062
7,austen,397,melville,7.041830062866211
7,austen,397,wells,6.716502904891968
7,austen,397,austen,5.316463994979858
7,austen,397,fitzgerald,6.922800714319402
7,austen,397,twain,6.913168870485746
7,austen,398,train,4.724426364898681
7,austen,398,baum,6.728256320953369
7,austen,398,thompson,7.243901093800862
7,austen,398,dickens,6.584818813535902
7,austen,398,melville,7.042139371236165
7,austen,398,wells,6.715472141901652
7,austen,398,austen,5.314906978607178
7,austen,398,fitzgerald,6.920666001059792
7,austen,398,twain,6.91487638766949
7,austen,399,train,4.768766021728515
7,austen,399,baum,6.733023738861084
7,austen,399,thompson,7.2474320729573565
7,austen,399,dickens,6.585152440600925
7,austen,399,melville,7.041885137557983
7,austen,399,wells,6.714996178944905
7,austen,399,austen,5.312736129760742
7,austen,399,fitzgerald,6.924392570148815
7,austen,399,twain,6.914400981022761
7,austen,400,train,4.772369956970215
7,austen,400,baum,6.734509944915772
7,austen,400,thompson,7.253030776977539
7,austen,400,dickens,6.592651817533705
7,austen,400,melville,7.049435933430989
7,austen,400,wells,6.722370068232219
7,austen,400,austen,5.31244592666626
7,austen,400,fitzgerald,6.926397583701394
7,austen,400,twain,6.921244364518386
7,austen,401,train,4.758312702178955
7,austen,401,baum,6.71901216506958
7,austen,401,thompson,7.239744345347087
7,austen,401,dickens,6.576898177464803
7,austen,401,melville,7.034669955571492
7,austen,401,wells,6.706515947977702
7,austen,401,austen,5.307932186126709
7,austen,401,fitzgerald,6.916445992209694
7,austen,401,twain,6.90475137417133
7,austen,402,train,4.734296989440918
7,austen,402,baum,6.731057929992676
7,austen,402,thompson,7.253284931182861
7,austen,402,dickens,6.587733639611138
7,austen,402,melville,7.04570213953654
7,austen,402,wells,6.717788457870483
7,austen,402,austen,5.307020568847657
7,austen,402,fitzgerald,6.925659916617653
7,austen,402,twain,6.919224885793833
7,austen,403,train,4.752976703643799
7,austen,403,baum,6.718474197387695
7,austen,403,thompson,7.239368915557861
7,austen,403,dickens,6.575003623962402
7,austen,403,melville,7.033968448638916
7,austen,403,wells,6.707786083221436
7,austen,403,austen,5.304746198654175
7,austen,403,fitzgerald,6.915456641804088
7,austen,403,twain,6.90734445131742
7,austen,404,train,4.734240436553955
7,austen,404,baum,6.728403377532959
7,austen,404,thompson,7.249082724253337
7,austen,404,dickens,6.586601495742798
7,austen,404,melville,7.047919511795044
7,austen,404,wells,6.720528682072957
7,austen,404,austen,5.306493186950684
7,austen,404,fitzgerald,6.922295050187544
7,austen,404,twain,6.919961342444787
7,austen,405,train,4.720860576629638
7,austen,405,baum,6.73301134109497
7,austen,405,thompson,7.251160621643066
7,austen,405,dickens,6.589180098639594
7,austen,405,melville,7.046435912450154
7,austen,405,wells,6.719009558359782
7,austen,405,austen,5.305308055877686
7,austen,405,fitzgerald,6.924654960632324
7,austen,405,twain,6.917795254633977
7,austen,406,train,4.759640693664551
7,austen,406,baum,6.7274188041687015
7,austen,406,thompson,7.251643816630046
7,austen,406,dickens,6.585978349049886
7,austen,406,melville,7.047061045964559
7,austen,406,wells,6.717269738515218
7,austen,406,austen,5.3004814147949215
7,austen,406,fitzgerald,6.922652027823708
7,austen,406,twain,6.919415987454928
7,austen,407,train,4.735723209381104
7,austen,407,baum,6.732078552246094
7,austen,407,thompson,7.252014954884847
7,austen,407,dickens,6.5893500910864935
7,austen,407,melville,7.0489169756571455
7,austen,407,wells,6.722218751907349
7,austen,407,austen,5.300540399551392
7,austen,407,fitzgerald,6.928035302595659
7,austen,407,twain,6.922484728006216
7,austen,408,train,4.719319248199463
7,austen,408,baum,6.724657821655273
7,austen,408,thompson,7.245106379191081
7,austen,408,dickens,6.5834865305158825
7,austen,408,melville,7.0429472128550215
7,austen,408,wells,6.715712229410808
7,austen,408,austen,5.299588441848755
7,austen,408,fitzgerald,6.923396804115989
7,austen,408,twain,6.915830722221961
7,austen,409,train,4.722326850891113
7,austen,409,baum,6.732314395904541
7,austen,409,thompson,7.254105091094971
7,austen,409,dickens,6.592687553829617
7,austen,409,melville,7.053559144337972
7,austen,409,wells,6.723057349522908
7,austen,409,austen,5.3006978034973145
7,austen,409,fitzgerald,6.925670493732799
7,austen,409,twain,6.925010681152344
7,austen,410,train,4.734364414215088
7,austen,410,baum,6.7314269065856935
7,austen,410,thompson,7.248125076293945
7,austen,410,dickens,6.580687999725342
7,austen,410,melville,7.039771556854248
7,austen,410,wells,6.712238152821858
7,austen,410,austen,5.293639278411865
7,austen,410,fitzgerald,6.923144600608132
7,austen,410,twain,6.913706449361948
7,austen,411,train,4.731179523468017
7,austen,411,baum,6.728784084320068
7,austen,411,thompson,7.251793384552002
7,austen,411,dickens,6.586384905709161
7,austen,411,melville,7.048405249913533
7,austen,411,wells,6.721183617909749
7,austen,411,austen,5.294565916061401
7,austen,411,fitzgerald,6.92495059967041
7,austen,411,twain,6.921986506535457
7,austen,412,train,4.707185459136963
7,austen,412,baum,6.729614162445069
7,austen,412,thompson,7.25328254699707
7,austen,412,dickens,6.589413377973768
7,austen,412,melville,7.053979396820068
7,austen,412,wells,6.721991539001465
7,austen,412,austen,5.292346143722535
7,austen,412,fitzgerald,6.92644097588279
7,austen,412,twain,6.923304447760949
7,austen,413,train,4.733227252960205
7,austen,413,baum,6.724921321868896
7,austen,413,thompson,7.250537395477295
7,austen,413,dickens,6.581378830803765
7,austen,413,melville,7.04724645614624
7,austen,413,wells,6.717396179835002
7,austen,413,austen,5.287347841262817
7,austen,413,fitzgerald,6.922045447609642
7,austen,413,twain,6.918633350959191
7,austen,414,train,4.706186771392822
7,austen,414,baum,6.730559635162353
7,austen,414,thompson,7.250983238220215
7,austen,414,dickens,6.581846025254992
7,austen,414,melville,7.046319802602132
7,austen,414,wells,6.715261300404866
7,austen,414,austen,5.2883342742919925
7,austen,414,fitzgerald,6.927763808857311
7,austen,414,twain,6.916381945976844
7,austen,415,train,4.6977208137512205
7,austen,415,baum,6.733175659179688
7,austen,415,thompson,7.252976894378662
7,austen,415,dickens,6.583638509114583
7,austen,415,melville,7.046812136967977
7,austen,415,wells,6.715689738591512
7,austen,415,austen,5.285379028320312
7,austen,415,fitzgerald,6.923674279993231
7,austen,415,twain,6.918408613938552
7,austen,416,train,4.71059284210205
7,austen,416,baum,6.730821132659912
7,austen,416,thompson,7.251731077829997
7,austen,416,dickens,6.585193130705092
7,austen,416,melville,7.050752878189087
7,austen,416,wells,6.717583020528157
7,austen,416,austen,5.285142469406128
7,austen,416,fitzgerald,6.92608152736317
7,austen,416,twain,6.920133333939773
7,austen,417,train,4.729938316345215
7,austen,417,baum,6.729507446289063
7,austen,417,thompson,7.246194839477539
7,austen,417,dickens,6.580741299523248
7,austen,417,melville,7.043858289718628
7,austen,417,wells,6.71418046951294
7,austen,417,austen,5.283026885986328
7,austen,417,fitzgerald,6.922208525917747
7,austen,417,twain,6.916802956507756
7,austen,418,train,4.67312479019165
7,austen,418,baum,6.738603210449218
7,austen,418,thompson,7.2588198979695635
7,austen,418,dickens,6.593529118431939
7,austen,418,melville,7.059418439865112
7,austen,418,wells,6.726825157801311
7,austen,418,austen,5.283689689636231
7,austen,418,fitzgerald,6.92903470993042
7,austen,418,twain,6.931455135345459
7,austen,419,train,4.684088039398193
7,austen,419,baum,6.727189540863037
7,austen,419,thompson,7.24811840057373
7,austen,419,dickens,6.583475960625543
7,austen,419,melville,7.0462517738342285
7,austen,419,wells,6.715536435445149
7,austen,419,austen,5.281180477142334
7,austen,419,fitzgerald,6.92151706868952
7,austen,419,twain,6.916040163773757
7,austen,420,train,4.669616222381592
7,austen,420,baum,6.731381702423096
7,austen,420,thompson,7.258829116821289
7,austen,420,dickens,6.587844424777561
7,austen,420,melville,7.055275837580363
7,austen,420,wells,6.725200096766154
7,austen,420,austen,5.280010318756103
7,austen,420,fitzgerald,6.928101452914151
7,austen,420,twain,6.928765700413631
7,austen,421,train,4.690972805023193
7,austen,421,baum,6.73067274093628
7,austen,421,thompson,7.254841963450114
7,austen,421,dickens,6.583191845152113
7,austen,421,melville,7.050002574920654
7,austen,421,wells,6.717298984527588
7,austen,421,austen,5.276632499694824
7,austen,421,fitzgerald,6.927842660383745
7,austen,421,twain,6.920709389906663
7,austen,422,train,4.676010417938232
7,austen,422,baum,6.727254199981689
7,austen,422,thompson,7.256825923919678
7,austen,422,dickens,6.579155842463176
7,austen,422,melville,7.052948236465454
7,austen,422,wells,6.717130661010742
7,austen,422,austen,5.274031972885132
7,austen,422,fitzgerald,6.928287852894176
7,austen,422,twain,6.918659320244422
7,austen,423,train,4.707789134979248
7,austen,423,baum,6.736522102355957
7,austen,423,thompson,7.259899775187175
7,austen,423,dickens,6.590687195460002
7,austen,423,melville,7.056723515192668
7,austen,423,wells,6.723698377609253
7,austen,423,austen,5.277476024627686
7,austen,423,fitzgerald,6.929629542610862
7,austen,423,twain,6.927857692425068
7,austen,424,train,4.696485805511474
7,austen,424,baum,6.726070499420166
7,austen,424,thompson,7.254290739695231
7,austen,424,dickens,6.576788716846043
7,austen,424,melville,7.043246984481812
7,austen,424,wells,6.710509379704793
7,austen,424,austen,5.273117351531982
7,austen,424,fitzgerald,6.923914432525635
7,austen,424,twain,6.913047350369967
7,austen,425,train,4.638451290130615
7,austen,425,baum,6.739813137054443
7,austen,425,thompson,7.267704486846924
7,austen,425,dickens,6.59883255428738
7,austen,425,melville,7.068275133768718
7,austen,425,wells,6.735043843587239
7,austen,425,austen,5.278073978424072
7,austen,425,fitzgerald,6.936576929959384
7,austen,425,twain,6.939664217141958
7,austen,426,train,4.681947517395019
7,austen,426,baum,6.729455852508545
7,austen,426,thompson,7.25741179784139
7,austen,426,dickens,6.583715995152791
7,austen,426,melville,7.051742712656657
7,austen,426,wells,6.714486042658488
7,austen,426,austen,5.27157735824585
7,austen,426,fitzgerald,6.927357890389183
7,austen,426,twain,6.9202195681058445
7,austen,427,train,4.647626876831055
7,austen,427,baum,6.729955768585205
7,austen,427,thompson,7.257491906483968
7,austen,427,dickens,6.578191916147868
7,austen,427,melville,7.04687515894572
7,austen,427,wells,6.712940057118733
7,austen,427,austen,5.266599369049072
7,austen,427,fitzgerald,6.926130858334628
7,austen,427,twain,6.918437334207388
7,austen,428,train,4.653357124328613
7,austen,428,baum,6.730660057067871
7,austen,428,thompson,7.260468165079753
7,austen,428,dickens,6.585528612136841
7,austen,428,melville,7.056739568710327
7,austen,428,wells,6.723463773727417
7,austen,428,austen,5.268082332611084
7,austen,428,fitzgerald,6.930677110498602
7,austen,428,twain,6.92812362084022
7,austen,429,train,4.663466835021973
7,austen,429,baum,6.72649621963501
7,austen,429,thompson,7.256890932718913
7,austen,429,dickens,6.582597838507758
7,austen,429,melville,7.054591735204061
7,austen,429,wells,6.715732336044312
7,austen,429,austen,5.26922116279602
7,austen,429,fitzgerald,6.927077163349498
7,austen,429,twain,6.919689838702862
7,austen,430,train,4.668092727661133
7,austen,430,baum,6.7320396423339846
7,austen,430,thompson,7.263388474782308
7,austen,430,dickens,6.586107757356432
7,austen,430,melville,7.05763308207194
7,austen,430,wells,6.722730398178101
7,austen,430,austen,5.2635876655578615
7,austen,430,fitzgerald,6.93058070269498
7,austen,430,twain,6.929207765139067
7,austen,431,train,4.6453633308410645
7,austen,431,baum,6.731063461303711
7,austen,431,thompson,7.2622426350911455
7,austen,431,dickens,6.5832504696316185
7,austen,431,melville,7.056810617446899
7,austen,431,wells,6.718802213668823
7,austen,431,austen,5.264161729812622
7,austen,431,fitzgerald,6.9317983714017
7,austen,431,twain,6.923982180081881
7,austen,432,train,4.640607833862305
7,austen,432,baum,6.729552268981934
7,austen,432,thompson,7.259876092274983
7,austen,432,dickens,6.585876358879937
7,austen,432,melville,7.05769697825114
7,austen,432,wells,6.722837607065837
7,austen,432,austen,5.263317251205445
7,austen,432,fitzgerald,6.9298038916154345
7,austen,432,twain,6.927502338702862
7,austen,433,train,4.679564762115478
7,austen,433,baum,6.723962306976318
7,austen,433,thompson,7.258451620737712
7,austen,433,dickens,6.586787939071655
7,austen,433,melville,7.058242400487264
7,austen,433,wells,6.719359079996745
7,austen,433,austen,5.262793111801147
7,austen,433,fitzgerald,6.924935644323176
7,austen,433,twain,6.925468078026404
7,austen,434,train,4.621551609039306
7,austen,434,baum,6.730526447296143
7,austen,434,thompson,7.257258574167888
7,austen,434,dickens,6.583684921264648
7,austen,434,melville,7.052703142166138
7,austen,434,wells,6.718790769577026
7,austen,434,austen,5.260936880111695
7,austen,434,fitzgerald,6.925868034362793
7,austen,434,twain,6.925505308004526
7,austen,435,train,4.623271846771241
7,austen,435,baum,6.740791988372803
7,austen,435,thompson,7.272712389628093
7,austen,435,dickens,6.596517271465725
7,austen,435,melville,7.067469676335652
7,austen,435,wells,6.735332647959392
7,austen,435,austen,5.260795259475708
7,austen,435,fitzgerald,6.9359165104952725
7,austen,435,twain,6.944385491884672
7,austen,436,train,4.646419906616211
7,austen,436,baum,6.725395965576172
7,austen,436,thompson,7.2616761525472
7,austen,436,dickens,6.582307815551758
7,austen,436,melville,7.059102296829224
7,austen,436,wells,6.720645427703857
7,austen,436,austen,5.256310558319091
7,austen,436,fitzgerald,6.92736950787631
7,austen,436,twain,6.925133044903095
7,austen,437,train,4.651614475250244
7,austen,437,baum,6.732601261138916
7,austen,437,thompson,7.263073126475017
7,austen,437,dickens,6.587338288625081
7,austen,437,melville,7.062019268671672
7,austen,437,wells,6.723320960998535
7,austen,437,austen,5.257596254348755
7,austen,437,fitzgerald,6.932042945515025
7,austen,437,twain,6.928602988903339
7,austen,438,train,4.637211322784424
7,austen,438,baum,6.7333571434021
7,austen,438,thompson,7.261366367340088
7,austen,438,dickens,6.579389837053087
7,austen,438,melville,7.0550854206085205
7,austen,438,wells,6.717578570048015
7,austen,438,austen,5.251114654541016
7,austen,438,fitzgerald,6.932191371917725
7,austen,438,twain,6.922682468707745
7,austen,439,train,4.632240581512451
7,austen,439,baum,6.7322793960571286
7,austen,439,thompson,7.264573733011882
7,austen,439,dickens,6.586521042717828
7,austen,439,melville,7.058762391408284
7,austen,439,wells,6.724814097086589
7,austen,439,austen,5.251066541671753
7,austen,439,fitzgerald,6.932643977078524
7,austen,439,twain,6.931087273817796
7,austen,440,train,4.646371269226075
7,austen,440,baum,6.73107795715332
7,austen,440,thompson,7.261491616566976
7,austen,440,dickens,6.584760957294041
7,austen,440,melville,7.057584842046102
7,austen,440,wells,6.723627646764119
7,austen,440,austen,5.250875329971313
7,austen,440,fitzgerald,6.932557972994718
7,austen,440,twain,6.92972362958468
7,austen,441,train,4.6607097625732425
7,austen,441,baum,6.731595611572265
7,austen,441,thompson,7.263121604919434
7,austen,441,dickens,6.586251921123928
7,austen,441,melville,7.062373638153076
7,austen,441,wells,6.7253672281901045
7,austen,441,austen,5.254771852493287
7,austen,441,fitzgerald,6.934491330927068
7,austen,441,twain,6.931103999798115
7,austen,442,train,4.635125255584716
7,austen,442,baum,6.731895542144775
7,austen,442,thompson,7.268332799275716
7,austen,442,dickens,6.59367831548055
7,austen,442,melville,7.069581667582194
7,austen,442,wells,6.730462471644084
7,austen,442,austen,5.254158163070679
7,austen,442,fitzgerald,6.930057005448775
7,austen,442,twain,6.939780125251184
7,austen,443,train,4.659361457824707
7,austen,443,baum,6.736968517303467
7,austen,443,thompson,7.271629969278972
7,austen,443,dickens,6.58374105559455
7,austen,443,melville,7.058619101842244
7,austen,443,wells,6.722732226053874
7,austen,443,austen,5.247268724441528
7,austen,443,fitzgerald,6.936294555664063
7,austen,443,twain,6.930356062375582
7,austen,444,train,4.628584575653076
7,austen,444,baum,6.729333114624024
7,austen,444,thompson,7.26655642191569
7,austen,444,dickens,6.575969934463501
7,austen,444,melville,7.055461724599202
7,austen,444,wells,6.719271898269653
7,austen,444,austen,5.245887660980225
7,austen,444,fitzgerald,6.9355740980668505
7,austen,444,twain,6.924188723930945
7,austen,445,train,4.641950416564941
7,austen,445,baum,6.732837104797364
7,austen,445,thompson,7.265832265218099
7,austen,445,dickens,6.58517591158549
7,austen,445,melville,7.063107649485271
7,austen,445,wells,6.723980108896892
7,austen,445,austen,5.244737911224365
7,austen,445,fitzgerald,6.9328460259871045
7,austen,445,twain,6.932168373694787
7,austen,446,train,4.62658805847168
7,austen,446,baum,6.73414421081543
7,austen,446,thompson,7.260646979014079
7,austen,446,dickens,6.583897458182441
7,austen,446,melville,7.056344032287598
7,austen,446,wells,6.722147146860759
7,austen,446,austen,5.245252323150635
7,austen,446,fitzgerald,6.932059071280739
7,austen,446,twain,6.927281122941237
7,austen,447,train,4.639817619323731
7,austen,447,baum,6.733101940155029
7,austen,447,thompson,7.265153725941976
7,austen,447,dickens,6.585986852645874
7,austen,447,melville,7.0627438227335615
7,austen,447,wells,6.725677251815796
7,austen,447,austen,5.24188289642334
7,austen,447,fitzgerald,6.931394273584539
7,austen,447,twain,6.931234946617713
7,austen,448,train,4.611169719696045
7,austen,448,baum,6.733943939208984
7,austen,448,thompson,7.271102905273437
7,austen,448,dickens,6.583672735426161
7,austen,448,melville,7.0641562938690186
7,austen,448,wells,6.72554365793864
7,austen,448,austen,5.24021577835083
7,austen,448,fitzgerald,6.938945293426514
7,austen,448,twain,6.931884875664344
7,austen,449,train,4.619758796691895
7,austen,449,baum,6.731325912475586
7,austen,449,thompson,7.264341990152995
7,austen,449,dickens,6.580962446000841
7,austen,449,melville,7.060694138209025
7,austen,449,wells,6.721379359563191
7,austen,449,austen,5.240301179885864
7,austen,449,fitzgerald,6.932441364635121
7,austen,449,twain,6.929129930642935
7,austen,450,train,4.562752628326416
7,austen,450,baum,6.740132999420166
7,austen,450,thompson,7.279000282287598
7,austen,450,dickens,6.594203313191732
7,austen,450,melville,7.077831347783406
7,austen,450,wells,6.737717310587565
7,austen,450,austen,5.241065502166748
7,austen,450,fitzgerald,6.9410576386885205
7,austen,450,twain,6.945999659024752
7,austen,451,train,4.622808361053467
7,austen,451,baum,6.729570198059082
7,austen,451,thompson,7.26939598719279
7,austen,451,dickens,6.57923436164856
7,austen,451,melville,7.056250969568889
7,austen,451,wells,6.716938257217407
7,austen,451,austen,5.236444664001465
7,austen,451,fitzgerald,6.936424081975764
7,austen,451,twain,6.925481942983774
7,austen,452,train,4.5863546371459964
7,austen,452,baum,6.736355972290039
7,austen,452,thompson,7.276573340098063
7,austen,452,dickens,6.590203205744426
7,austen,452,melville,7.074156204859416
7,austen,452,wells,6.73397699991862
7,austen,452,austen,5.237341356277466
7,austen,452,fitzgerald,6.940656488591975
7,austen,452,twain,6.942823556753305
7,austen,453,train,4.629255485534668
7,austen,453,baum,6.73196849822998
7,austen,453,thompson,7.268745581309001
7,austen,453,dickens,6.579976134830051
7,austen,453,melville,7.0582930246988935
7,austen,453,wells,6.718981583913167
7,austen,453,austen,5.234605693817139
7,austen,453,fitzgerald,6.935081785375422
7,austen,453,twain,6.925833005171556
7,austen,454,train,4.559828186035157
7,austen,454,baum,6.737036514282226
7,austen,454,thompson,7.275958855946858
7,austen,454,dickens,6.591606431537205
7,austen,454,melville,7.072021087010701
7,austen,454,wells,6.730498711268107
7,austen,454,austen,5.237346744537353
7,austen,454,fitzgerald,6.938680388710716
7,austen,454,twain,6.9399429468008185
7,austen,455,train,4.577086353302002
7,austen,455,baum,6.736618900299073
7,austen,455,thompson,7.275180180867513
7,austen,455,dickens,6.5864490667978925
7,austen,455,melville,7.069191614786784
7,austen,455,wells,6.727456092834473
7,austen,455,austen,5.23119707107544
7,austen,455,fitzgerald,6.938738779588179
7,austen,455,twain,6.936579117408166
7,austen,456,train,4.577327251434326
7,austen,456,baum,6.734708786010742
7,austen,456,thompson,7.270413875579834
7,austen,456,dickens,6.586864153544108
7,austen,456,melville,7.068223317464192
7,austen,456,wells,6.728691260019938
7,austen,456,austen,5.233068895339966
7,austen,456,fitzgerald,6.937102794647217
7,austen,456,twain,6.938891154069167
7,austen,457,train,4.612099170684815
7,austen,457,baum,6.738609313964844
7,austen,457,thompson,7.277920564015706
7,austen,457,dickens,6.59053455458747
7,austen,457,melville,7.074503103892009
7,austen,457,wells,6.731988271077474
7,austen,457,austen,5.232017707824707
7,austen,457,fitzgerald,6.940123644742099
7,austen,457,twain,6.940713992485633
7,austen,458,train,4.585376358032226
7,austen,458,baum,6.735594940185547
7,austen,458,thompson,7.283584276835124
7,austen,458,dickens,6.585983064439562
7,austen,458,melville,7.068403800328572
7,austen,458,wells,6.726011753082275
7,austen,458,austen,5.231046390533447
7,austen,458,fitzgerald,6.942907896908847
7,austen,458,twain,6.93485138966487
7,austen,459,train,4.598247241973877
7,austen,459,baum,6.7370192527771
7,austen,459,thompson,7.2818277676900225
7,austen,459,dickens,6.588764720492893
7,austen,459,melville,7.069122155507405
7,austen,459,wells,6.730162938435872
7,austen,459,austen,5.227668428421021
7,austen,459,fitzgerald,6.940507585352117
7,austen,459,twain,6.939979516542875
7,austen,460,train,4.59771032333374
7,austen,460,baum,6.740606689453125
7,austen,460,thompson,7.286938031514485
7,austen,460,dickens,6.590676652060615
7,austen,460,melville,7.076593081156413
7,austen,460,wells,6.732683261235555
7,austen,460,austen,5.228995275497437
7,austen,460,fitzgerald,6.944228085604581
7,austen,460,twain,6.941202310415415
7,austen,461,train,4.581270313262939
7,austen,461,baum,6.73979434967041
7,austen,461,thompson,7.277016639709473
7,austen,461,dickens,6.587682671017117
7,austen,461,melville,7.074944098790486
7,austen,461,wells,6.731001377105713
7,austen,461,austen,5.226787996292114
7,austen,461,fitzgerald,6.942330447110263
7,austen,461,twain,6.939148279336783
7,austen,462,train,4.591886425018311
7,austen,462,baum,6.735140609741211
7,austen,462,thompson,7.276123841603597
7,austen,462,dickens,6.588112539715237
7,austen,462,melville,7.072656393051148
7,austen,462,wells,6.729501565297444
7,austen,462,austen,5.224774503707886
7,austen,462,fitzgerald,6.942179376428777
7,austen,462,twain,6.938219180473914
7,austen,463,train,4.542862129211426
7,austen,463,baum,6.736925506591797
7,austen,463,thompson,7.277396043141683
7,austen,463,dickens,6.589167886310154
7,austen,463,melville,7.072738726933797
7,austen,463,wells,6.731420437494914
7,austen,463,austen,5.22380223274231
7,austen,463,fitzgerald,6.9419450759887695
7,austen,463,twain,6.94179523908175
7,austen,464,train,4.556800460815429
7,austen,464,baum,6.734259796142578
7,austen,464,thompson,7.281431992848714
7,austen,464,dickens,6.587121619118585
7,austen,464,melville,7.07023024559021
7,austen,464,wells,6.730135838190715
7,austen,464,austen,5.225080585479736
7,austen,464,fitzgerald,6.944687019694936
7,austen,464,twain,6.940567126640906
7,austen,465,train,4.608540058135986
7,austen,465,baum,6.741132354736328
7,austen,465,thompson,7.28255049387614
7,austen,465,dickens,6.597841342290242
7,austen,465,melville,7.079527695973714
7,austen,465,wells,6.737600485483806
7,austen,465,austen,5.222606754302978
7,austen,465,fitzgerald,6.944737781177867
7,austen,465,twain,6.948464026817908
7,austen,466,train,4.586428451538086
7,austen,466,baum,6.737581825256347
7,austen,466,thompson,7.281624794006348
7,austen,466,dickens,6.593978352016872
7,austen,466,melville,7.07655127843221
7,austen,466,wells,6.734267950057983
7,austen,466,austen,5.223376607894897
7,austen,466,fitzgerald,6.94437126679854
7,austen,466,twain,6.94522655927218
7,austen,467,train,4.545391845703125
7,austen,467,baum,6.740757751464844
7,austen,467,thompson,7.281808217366536
7,austen,467,dickens,6.590654479132758
7,austen,467,melville,7.078931411107381
7,austen,467,wells,6.735208670298259
7,austen,467,austen,5.222367477416992
7,austen,467,fitzgerald,6.947445869445801
7,austen,467,twain,6.944026360144982
7,austen,468,train,4.562950992584229
7,austen,468,baum,6.738095569610596
7,austen,468,thompson,7.286374727884929
7,austen,468,dickens,6.593147304322985
7,austen,468,melville,7.077050844828288
7,austen,468,wells,6.735356251398723
7,austen,468,austen,5.219977188110351
7,austen,468,fitzgerald,6.946827671744607
7,austen,468,twain,6.943075216733492
7,austen,469,train,4.572828865051269
7,austen,469,baum,6.739791297912598
7,austen,469,thompson,7.287749290466309
7,austen,469,dickens,6.5909186999003095
7,austen,469,melville,7.076031605402629
7,austen,469,wells,6.732276837031047
7,austen,469,austen,5.216025972366333
7,austen,469,fitzgerald,6.944035920229825
7,austen,469,twain,6.942272626436674
7,austen,470,train,4.523274612426758
7,austen,470,baum,6.737656021118164
7,austen,470,thompson,7.285551389058431
7,austen,470,dickens,6.595323986477322
7,austen,470,melville,7.077438195546468
7,austen,470,wells,6.736101468404134
7,austen,470,austen,5.219441080093384
7,austen,470,fitzgerald,6.946730743754994
7,austen,470,twain,6.945875461284931
7,austen,471,train,4.560123062133789
7,austen,471,baum,6.742251014709472
7,austen,471,thompson,7.288556575775146
7,austen,471,dickens,6.593833393520779
7,austen,471,melville,7.080660978953044
7,austen,471,wells,6.73702088991801
7,austen,471,austen,5.217865657806397
7,austen,471,fitzgerald,6.948810143904253
7,austen,471,twain,6.94537588266226
7,austen,472,train,4.5609136581420895
7,austen,472,baum,6.7396674156188965
7,austen,472,thompson,7.288149674733479
7,austen,472,dickens,6.589118984010485
7,austen,472,melville,7.078191916147868
7,austen,472,wells,6.732679049173991
7,austen,472,austen,5.213027858734131
7,austen,472,fitzgerald,6.948453426361084
7,austen,472,twain,6.94350238946768
7,austen,473,train,4.522845363616943
7,austen,473,baum,6.74530439376831
7,austen,473,thompson,7.294070402781169
7,austen,473,dickens,6.59653721915351
7,austen,473,melville,7.087353626887004
7,austen,473,wells,6.742542584737142
7,austen,473,austen,5.213866519927978
7,austen,473,fitzgerald,6.953768426721746
7,austen,473,twain,6.954272893758921
7,austen,474,train,4.5104625701904295
7,austen,474,baum,6.737828540802002
7,austen,474,thompson,7.286035537719727
7,austen,474,dickens,6.592879798677233
7,austen,474,melville,7.072504997253418
7,austen,474,wells,6.731524229049683
7,austen,474,austen,5.211859703063965
7,austen,474,fitzgerald,6.941966620358554
7,austen,474,twain,6.945397890531099
7,austen,475,train,4.597323703765869
7,austen,475,baum,6.742050647735596
7,austen,475,thompson,7.289798259735107
7,austen,475,dickens,6.597185002432929
7,austen,475,melville,7.085181315739949
7,austen,475,wells,6.741142352422078
7,austen,475,austen,5.211190271377563
7,austen,475,fitzgerald,6.948158524253151
7,austen,475,twain,6.951574949117807
7,austen,476,train,4.51511812210083
7,austen,476,baum,6.740602016448975
7,austen,476,thompson,7.290486335754394
7,austen,476,dickens,6.590016047159831
7,austen,476,melville,7.079431215922038
7,austen,476,wells,6.735217730204265
7,austen,476,austen,5.212613582611084
7,austen,476,fitzgerald,6.950536077672785
7,austen,476,twain,6.944782403799204
7,austen,477,train,4.540269088745117
7,austen,477,baum,6.751157951354981
7,austen,477,thompson,7.301325003306071
7,austen,477,dickens,6.606759177313911
7,austen,477,melville,7.095486402511597
7,austen,477,wells,6.75077756245931
7,austen,477,austen,5.211246156692505
7,austen,477,fitzgerald,6.957670211791992
7,austen,477,twain,6.96242094039917
7,austen,478,train,4.539918708801269
7,austen,478,baum,6.74027042388916
7,austen,478,thompson,7.288363297780354
7,austen,478,dickens,6.591405259238349
7,austen,478,melville,7.080625613530477
7,austen,478,wells,6.735758940378825
7,austen,478,austen,5.209553050994873
7,austen,478,fitzgerald,6.949733560735529
7,austen,478,twain,6.946100858541636
7,austen,479,train,4.537119770050049
7,austen,479,baum,6.747884464263916
7,austen,479,thompson,7.294298966725667
7,austen,479,dickens,6.601256158616808
7,austen,479,melville,7.08970848719279
7,austen,479,wells,6.748110135396321
7,austen,479,austen,5.209678363800049
7,austen,479,fitzgerald,6.952245625582608
7,austen,479,twain,6.959637972024771
7,austen,480,train,4.565829944610596
7,austen,480,baum,6.745704460144043
7,austen,480,thompson,7.293728510538737
7,austen,480,dickens,6.59003578291999
7,austen,480,melville,7.082984924316406
7,austen,480,wells,6.739248275756836
7,austen,480,austen,5.207395887374878
7,austen,480,fitzgerald,6.953619480133057
7,austen,480,twain,6.948110653803899
7,austen,481,train,4.522595882415772
7,austen,481,baum,6.748253440856933
7,austen,481,thompson,7.296523729960124
7,austen,481,dickens,6.597167677349514
7,austen,481,melville,7.091672897338867
7,austen,481,wells,6.749147653579712
7,austen,481,austen,5.2047497749328615
7,austen,481,fitzgerald,6.956468712199818
7,austen,481,twain,6.9582827641413765
7,austen,482,train,4.567712020874024
7,austen,482,baum,6.750628471374512
7,austen,482,thompson,7.302086512247722
7,austen,482,dickens,6.598029454549153
7,austen,482,melville,7.086904287338257
7,austen,482,wells,6.741424481074016
7,austen,482,austen,5.203210496902466
7,austen,482,fitzgerald,6.958008766174316
7,austen,482,twain,6.953514979435847
7,austen,483,train,4.497609615325928
7,austen,483,baum,6.752285194396973
7,austen,483,thompson,7.299259185791016
7,austen,483,dickens,6.60349702835083
7,austen,483,melville,7.096527020136516
7,austen,483,wells,6.750823815663655
7,austen,483,austen,5.204542016983032
7,austen,483,fitzgerald,6.954061118039218
7,austen,483,twain,6.962302574744592
7,austen,484,train,4.559420490264893
7,austen,484,baum,6.754029083251953
7,austen,484,thompson,7.297429879506429
7,austen,484,dickens,6.597962061564128
7,austen,484,melville,7.091865301132202
7,austen,484,wells,6.747431516647339
7,austen,484,austen,5.208630847930908
7,austen,484,fitzgerald,6.954922979528254
7,austen,484,twain,6.954261412987342
7,austen,485,train,4.515794944763184
7,austen,485,baum,6.757493114471435
7,austen,485,thompson,7.303182125091553
7,austen,485,dickens,6.594171232647366
7,austen,485,melville,7.091530799865723
7,austen,485,wells,6.745469013849895
7,austen,485,austen,5.2014813899993895
7,austen,485,fitzgerald,6.958472208543257
7,austen,485,twain,6.956894324376033
7,austen,486,train,4.540134239196777
7,austen,486,baum,6.754425811767578
7,austen,486,thompson,7.303531964619954
7,austen,486,dickens,6.596363464991252
7,austen,486,melville,7.091626564661662
7,austen,486,wells,6.745551665623983
7,austen,486,austen,5.200897216796875
7,austen,486,fitzgerald,6.958982034163042
7,austen,486,twain,6.956668853759766
7,austen,487,train,4.5367461204528805
7,austen,487,baum,6.750236225128174
7,austen,487,thompson,7.299359480539958
7,austen,487,dickens,6.591454082065159
7,austen,487,melville,7.089740673700969
7,austen,487,wells,6.740850448608398
7,austen,487,austen,5.197167539596558
7,austen,487,fitzgerald,6.957079757343639
7,austen,487,twain,6.951621935917781
7,austen,488,train,4.45875129699707
7,austen,488,baum,6.755052280426026
7,austen,488,thompson,7.300611654917399
7,austen,488,dickens,6.597295708126492
7,austen,488,melville,7.095194975535075
7,austen,488,wells,6.747491518656413
7,austen,488,austen,5.200993776321411
7,austen,488,fitzgerald,6.959472136064009
7,austen,488,twain,6.9577956933241625
7,austen,489,train,4.496697807312012
7,austen,489,baum,6.75613489151001
7,austen,489,thompson,7.307983875274658
7,austen,489,dickens,6.60613136821323
7,austen,489,melville,7.10021464029948
7,austen,489,wells,6.756231466929118
7,austen,489,austen,5.199116945266724
7,austen,489,fitzgerald,6.960056174885143
7,austen,489,twain,6.97058523618258
7,austen,490,train,4.524234771728516
7,austen,490,baum,6.7478608131408695
7,austen,490,thompson,7.299179395039876
7,austen,490,dickens,6.59794110722012
7,austen,490,melville,7.093276023864746
7,austen,490,wells,6.7448515097300215
7,austen,490,austen,5.199096870422364
7,austen,490,fitzgerald,6.953755031932484
7,austen,490,twain,6.957849245805007
7,austen,491,train,4.531023406982422
7,austen,491,baum,6.753919124603272
7,austen,491,thompson,7.306103388468425
7,austen,491,dickens,6.599777963426378
7,austen,491,melville,7.094165086746216
7,austen,491,wells,6.748958508173625
7,austen,491,austen,5.193974447250366
7,austen,491,fitzgerald,6.957667870955034
7,austen,491,twain,6.961094342745268
7,austen,492,train,4.519888782501221
7,austen,492,baum,6.752014446258545
7,austen,492,thompson,7.3015791575113935
7,austen,492,dickens,6.587399774127537
7,austen,492,melville,7.085180759429932
7,austen,492,wells,6.737068017323812
7,austen,492,austen,5.196185684204101
7,austen,492,fitzgerald,6.960937413302335
7,austen,492,twain,6.946823046757625
7,austen,493,train,4.505743885040284
7,austen,493,baum,6.759184169769287
7,austen,493,thompson,7.302814801534017
7,austen,493,dickens,6.605220582750109
7,austen,493,melville,7.099570671717326
7,austen,493,wells,6.759559710820516
7,austen,493,austen,5.196828651428223
7,austen,493,fitzgerald,6.962108915502375
7,austen,493,twain,6.96961681659405
7,austen,494,train,4.517416000366211
7,austen,494,baum,6.753810977935791
7,austen,494,thompson,7.3017144203186035
7,austen,494,dickens,6.5990468925899926
7,austen,494,melville,7.098764816919963
7,austen,494,wells,6.748958349227905
7,austen,494,austen,5.194658041000366
7,austen,494,fitzgerald,6.957080537622625
7,austen,494,twain,6.959818143111009
7,austen,495,train,4.474956321716308
7,austen,495,baum,6.759317207336426
7,austen,495,thompson,7.31013027826945
7,austen,495,dickens,6.600199540456136
7,austen,495,melville,7.095793803532918
7,austen,495,wells,6.750251054763794
7,austen,495,austen,5.193738269805908
7,austen,495,fitzgerald,6.961532896215266
7,austen,495,twain,6.963034776540903
7,austen,496,train,4.491005420684815
7,austen,496,baum,6.760119533538818
7,austen,496,thompson,7.307862281799316
7,austen,496,dickens,6.59835860464308
7,austen,496,melville,7.099570433298747
7,austen,496,wells,6.75627326965332
7,austen,496,austen,5.189035511016845
7,austen,496,fitzgerald,6.965818578546697
7,austen,496,twain,6.964937136723445
7,austen,497,train,4.507431125640869
7,austen,497,baum,6.752718162536621
7,austen,497,thompson,7.312148571014404
7,austen,497,dickens,6.6074903806050616
7,austen,497,melville,7.107749700546265
7,austen,497,wells,6.759861548741658
7,austen,497,austen,5.192276096343994
7,austen,497,fitzgerald,6.962845672260631
7,austen,497,twain,6.972125053405762
7,austen,498,train,4.488341045379639
7,austen,498,baum,6.7558036804199215
7,austen,498,thompson,7.306117216746013
7,austen,498,dickens,6.595648792054918
7,austen,498,melville,7.092100461324056
7,austen,498,wells,6.745888074239095
7,austen,498,austen,5.191947364807129
7,austen,498,fitzgerald,6.962531436573375
7,austen,498,twain,6.954916697282058
7,austen,499,train,4.472973823547363
7,austen,499,baum,6.7656325340271
7,austen,499,thompson,7.314205487569173
7,austen,499,dickens,6.610981252458361
7,austen,499,melville,7.105676094690959
7,austen,499,wells,6.762241045633952
7,austen,499,austen,5.191262865066529
7,austen,499,fitzgerald,6.966230739246715
7,austen,499,twain,6.973425131577712
7,austen,500,train,4.4655609130859375
7,austen,500,baum,6.753822422027588
7,austen,500,thompson,7.309987703959147
7,austen,500,dickens,6.60106447007921
7,austen,500,melville,7.0979163646698
7,austen,500,wells,6.749935706456502
7,austen,500,austen,5.190012359619141
7,austen,500,fitzgerald,6.95955263484608
7,austen,500,twain,6.961942929487962
7,austen,501,train,4.496904182434082
7,austen,501,baum,6.7588482856750485
7,austen,501,thompson,7.309396266937256
7,austen,501,dickens,6.601440721087986
7,austen,501,melville,7.102631092071533
7,austen,501,wells,6.753743410110474
7,austen,501,austen,5.187589168548584
7,austen,501,fitzgerald,6.963741215792569
7,austen,501,twain,6.963698570544903
7,austen,502,train,4.497164058685303
7,austen,502,baum,6.756602573394775
7,austen,502,thompson,7.308172384897868
7,austen,502,dickens,6.594314813613892
7,austen,502,melville,7.094797134399414
7,austen,502,wells,6.744171301523845
7,austen,502,austen,5.188650321960449
7,austen,502,fitzgerald,6.963549310510809
7,austen,502,twain,6.9567514933072605
7,austen,503,train,4.514372158050537
7,austen,503,baum,6.758906936645508
7,austen,503,thompson,7.309405326843262
7,austen,503,dickens,6.602302312850952
7,austen,503,melville,7.103633562723796
7,austen,503,wells,6.751997073491414
7,austen,503,austen,5.188366651535034
7,austen,503,fitzgerald,6.963233947753906
7,austen,503,twain,6.964838908268855
7,austen,504,train,4.478831005096436
7,austen,504,baum,6.759958934783936
7,austen,504,thompson,7.315816084543864
7,austen,504,dickens,6.605481836530897
7,austen,504,melville,7.10668158531189
7,austen,504,wells,6.752405722935994
7,austen,504,austen,5.186127138137818
7,austen,504,fitzgerald,6.96483733437278
7,austen,504,twain,6.964702899639423
7,austen,505,train,4.48911418914795
7,austen,505,baum,6.754818534851074
7,austen,505,thompson,7.309247493743896
7,austen,505,dickens,6.595229042900933
7,austen,505,melville,7.106143951416016
7,austen,505,wells,6.754711071650188
7,austen,505,austen,5.182687187194825
7,austen,505,fitzgerald,6.966914480382746
7,austen,505,twain,6.965596125676082
7,austen,506,train,4.463946914672851
7,austen,506,baum,6.759787750244141
7,austen,506,thompson,7.311399618784587
7,austen,506,dickens,6.604393482208252
7,austen,506,melville,7.109237988789876
7,austen,506,wells,6.760645469029744
7,austen,506,austen,5.185063934326172
7,austen,506,fitzgerald,6.966548876328901
7,austen,506,twain,6.972659807938796
7,austen,507,train,4.478943634033203
7,austen,507,baum,6.758999347686768
7,austen,507,thompson,7.310304164886475
7,austen,507,dickens,6.605348110198975
7,austen,507,melville,7.10529088973999
7,austen,507,wells,6.7572635014851885
7,austen,507,austen,5.184568691253662
7,austen,507,fitzgerald,6.962889194488525
7,austen,507,twain,6.970103447253887
7,austen,508,train,4.462220859527588
7,austen,508,baum,6.76490364074707
7,austen,508,thompson,7.323830445607503
7,austen,508,dickens,6.612732357449001
7,austen,508,melville,7.111711184183757
7,austen,508,wells,6.764018535614014
7,austen,508,austen,5.181586217880249
7,austen,508,fitzgerald,6.968619996851141
7,austen,508,twain,6.979168048271766
7,austen,509,train,4.496383571624756
7,austen,509,baum,6.761691379547119
7,austen,509,thompson,7.318766276041667
7,austen,509,dickens,6.595298528671265
7,austen,509,melville,7.097784360249837
7,austen,509,wells,6.74575940767924
7,austen,509,austen,5.1822178840637205
7,austen,509,fitzgerald,6.968649257313121
7,austen,509,twain,6.958355536827674
7,austen,510,train,4.472673416137695
7,austen,510,baum,6.763769817352295
7,austen,510,thompson,7.3184858957926435
7,austen,510,dickens,6.60443557633294
7,austen,510,melville,7.107493241628011
7,austen,510,wells,6.75835657119751
7,austen,510,austen,5.179525470733642
7,austen,510,fitzgerald,6.967207085002553
7,austen,510,twain,6.971285856687105
7,austen,511,train,4.489691257476807
7,austen,511,baum,6.758658218383789
7,austen,511,thompson,7.31588061650594
7,austen,511,dickens,6.598814964294434
7,austen,511,melville,7.102891604105632
7,austen,511,wells,6.752138376235962
7,austen,511,austen,5.1796668529510494
7,austen,511,fitzgerald,6.9718052690679375
7,austen,511,twain,6.965750327477088
7,austen,512,train,4.4725617408752445
7,austen,512,baum,6.756797981262207
7,austen,512,thompson,7.314341862996419
7,austen,512,dickens,6.606174521976048
7,austen,512,melville,7.1096006234486895
7,austen,512,wells,6.761065642038981
7,austen,512,austen,5.182206106185913
7,austen,512,fitzgerald,6.969543500380083
7,austen,512,twain,6.973710243518536
7,austen,513,train,4.47194881439209
7,austen,513,baum,6.757909965515137
7,austen,513,thompson,7.316473325093587
7,austen,513,dickens,6.6065224806467695
7,austen,513,melville,7.109346071879069
7,austen,513,wells,6.762220621109009
7,austen,513,austen,5.176625537872314
7,austen,513,fitzgerald,6.9697416912425645
7,austen,513,twain,6.976567781888521
7,austen,514,train,4.46397762298584
7,austen,514,baum,6.750856208801269
7,austen,514,thompson,7.317708810170491
7,austen,514,dickens,6.602202733357747
7,austen,514,melville,7.10774032274882
7,austen,514,wells,6.756838321685791
7,austen,514,austen,5.175816631317138
7,austen,514,fitzgerald,6.965787627480247
7,austen,514,twain,6.970606143657978
7,austen,515,train,4.464655494689941
7,austen,515,baum,6.765836620330811
7,austen,515,thompson,7.329560915629069
7,austen,515,dickens,6.615476661258274
7,austen,515,melville,7.124656438827515
7,austen,515,wells,6.770392417907715
7,austen,515,austen,5.177096462249756
7,austen,515,fitzgerald,6.975757295435125
7,austen,515,twain,6.9856061568627
7,austen,516,train,4.4436564445495605
7,austen,516,baum,6.766580581665039
7,austen,516,thompson,7.330824851989746
7,austen,516,dickens,6.608599106470744
7,austen,516,melville,7.112780253092448
7,austen,516,wells,6.760180950164795
7,austen,516,austen,5.173863649368286
7,austen,516,fitzgerald,6.975853053006259
7,austen,516,twain,6.975117279933049
7,austen,517,train,4.467555046081543
7,austen,517,baum,6.770809745788574
7,austen,517,thompson,7.331713040669759
7,austen,517,dickens,6.612803962495592
7,austen,517,melville,7.115489959716797
7,austen,517,wells,6.769875605901082
7,austen,517,austen,5.17450761795044
7,austen,517,fitzgerald,6.975543065504595
7,austen,517,twain,6.984770444723276
7,austen,518,train,4.445876884460449
7,austen,518,baum,6.765642356872559
7,austen,518,thompson,7.325403690338135
7,austen,518,dickens,6.612784968482123
7,austen,518,melville,7.116928815841675
7,austen,518,wells,6.76539667447408
7,austen,518,austen,5.179481363296508
7,austen,518,fitzgerald,6.973067587072199
7,austen,518,twain,6.981133314279409
7,austen,519,train,4.45959997177124
7,austen,519,baum,6.763711166381836
7,austen,519,thompson,7.3212432861328125
7,austen,519,dickens,6.603488286336263
7,austen,519,melville,7.108256498972575
7,austen,519,wells,6.758847554524739
7,austen,519,austen,5.174483108520508
7,austen,519,fitzgerald,6.972388224168257
7,austen,519,twain,6.972304234137902
7,austen,520,train,4.416616058349609
7,austen,520,baum,6.7733235359191895
7,austen,520,thompson,7.336882909138997
7,austen,520,dickens,6.616668780644734
7,austen,520,melville,7.12130085627238
7,austen,520,wells,6.772082567214966
7,austen,520,austen,5.175642728805542
7,austen,520,fitzgerald,6.982535622336648
7,austen,520,twain,6.986785925351656
7,austen,521,train,4.442740154266358
7,austen,521,baum,6.763066864013672
7,austen,521,thompson,7.326581796010335
7,austen,521,dickens,6.605884710947673
7,austen,521,melville,7.114652792612712
7,austen,521,wells,6.760916471481323
7,austen,521,austen,5.173868703842163
7,austen,521,fitzgerald,6.974380536512896
7,austen,521,twain,6.973984021406907
7,austen,522,train,4.438152217864991
7,austen,522,baum,6.763468837738037
7,austen,522,thompson,7.330363114674886
7,austen,522,dickens,6.610827790366279
7,austen,522,melville,7.120651483535767
7,austen,522,wells,6.767290433247884
7,austen,522,austen,5.172904682159424
7,austen,522,fitzgerald,6.972598379308527
7,austen,522,twain,6.9822516441345215
7,austen,523,train,4.44410810470581
7,austen,523,baum,6.76784200668335
7,austen,523,thompson,7.326691786448161
7,austen,523,dickens,6.613142357932197
7,austen,523,melville,7.120788335800171
7,austen,523,wells,6.770700295766194
7,austen,523,austen,5.17274169921875
7,austen,523,fitzgerald,6.974419983950528
7,austen,523,twain,6.986451662503756
7,austen,524,train,4.408814430236816
7,austen,524,baum,6.771035480499267
7,austen,524,thompson,7.332841078440349
7,austen,524,dickens,6.612028572294447
7,austen,524,melville,7.124347686767578
7,austen,524,wells,6.770348866780599
7,austen,524,austen,5.1738842010498045
7,austen,524,fitzgerald,6.979555736888539
7,austen,524,twain,6.982606631058913
7,austen,525,train,4.440619373321534
7,austen,525,baum,6.767744827270508
7,austen,525,thompson,7.3322834968566895
7,austen,525,dickens,6.603781912061903
7,austen,525,melville,7.113076210021973
7,austen,525,wells,6.759871959686279
7,austen,525,austen,5.1708239078521725
7,austen,525,fitzgerald,6.978954835371538
7,austen,525,twain,6.97303581237793
7,austen,526,train,4.401906394958496
7,austen,526,baum,6.766463088989258
7,austen,526,thompson,7.329187870025635
7,austen,526,dickens,6.611872408125135
7,austen,526,melville,7.117643435796102
7,austen,526,wells,6.766078074773152
7,austen,526,austen,5.173663234710693
7,austen,526,fitzgerald,6.974663777784868
7,austen,526,twain,6.983289425189678
7,austen,527,train,4.424350261688232
7,austen,527,baum,6.778619956970215
7,austen,527,thompson,7.347959200541179
7,austen,527,dickens,6.625773456361559
7,austen,527,melville,7.137750864028931
7,austen,527,wells,6.785467386245728
7,austen,527,austen,5.17205777168274
7,austen,527,fitzgerald,6.986645265059038
7,austen,527,twain,7.0013736211336575
7,austen,528,train,4.39253797531128
7,austen,528,baum,6.768537616729736
7,austen,528,thompson,7.32951561609904
7,austen,528,dickens,6.610769377814399
7,austen,528,melville,7.119655052820842
7,austen,528,wells,6.768248716990153
7,austen,528,austen,5.172219276428223
7,austen,528,fitzgerald,6.975808230313388
7,austen,528,twain,6.983156460982102
7,austen,529,train,4.446617603302002
7,austen,529,baum,6.768332386016846
7,austen,529,thompson,7.332113901774089
7,austen,529,dickens,6.606760210461086
7,austen,529,melville,7.116767883300781
7,austen,529,wells,6.765271902084351
7,austen,529,austen,5.166563177108765
7,austen,529,fitzgerald,6.9788477637551045
7,austen,529,twain,6.98204440336961
7,austen,530,train,4.439316654205323
7,austen,530,baum,6.7663390159606935
7,austen,530,thompson,7.333049138387044
7,austen,530,dickens,6.612029340532091
7,austen,530,melville,7.121180931727092
7,austen,530,wells,6.767985582351685
7,austen,530,austen,5.169676017761231
7,austen,530,fitzgerald,6.977929505434903
7,austen,530,twain,6.982091060051551
7,austen,531,train,4.43585433959961
7,austen,531,baum,6.768308639526367
7,austen,531,thompson,7.329499880472819
7,austen,531,dickens,6.611742231580946
7,austen,531,melville,7.122007767359416
7,austen,531,wells,6.770737330118815
7,austen,531,austen,5.168023252487183
7,austen,531,fitzgerald,6.975652434609153
7,austen,531,twain,6.986058638646052
7,austen,532,train,4.456023979187012
7,austen,532,baum,6.771903705596924
7,austen,532,thompson,7.34012508392334
7,austen,532,dickens,6.611067507002089
7,austen,532,melville,7.124420324961345
7,austen,532,wells,6.7721593379974365
7,austen,532,austen,5.16827392578125
7,austen,532,fitzgerald,6.983702529560436
7,austen,532,twain,6.988543913914607
7,austen,533,train,4.387616443634033
7,austen,533,baum,6.773532485961914
7,austen,533,thompson,7.337545553843181
7,austen,533,dickens,6.62177324295044
7,austen,533,melville,7.132860819498698
7,austen,533,wells,6.782438437143962
7,austen,533,austen,5.167465353012085
7,austen,533,fitzgerald,6.979691635478627
7,austen,533,twain,6.996598867269663
7,austen,534,train,4.4457189559936525
7,austen,534,baum,6.770256519317627
7,austen,534,thompson,7.342352390289307
7,austen,534,dickens,6.618104775746663
7,austen,534,melville,7.134065707524617
7,austen,534,wells,6.777840693791707
7,austen,534,austen,5.167995405197144
7,austen,534,fitzgerald,6.984343788840554
7,austen,534,twain,6.99056023817796
7,austen,535,train,4.4447887420654295
7,austen,535,baum,6.772328281402588
7,austen,535,thompson,7.3395676612854
7,austen,535,dickens,6.609607219696045
7,austen,535,melville,7.119930982589722
7,austen,535,wells,6.7698633670806885
7,austen,535,austen,5.162986850738525
7,austen,535,fitzgerald,6.983408711173317
7,austen,535,twain,6.983813762664795
7,austen,536,train,4.420823097229004
7,austen,536,baum,6.775707626342774
7,austen,536,thompson,7.349285284678142
7,austen,536,dickens,6.621731122334798
7,austen,536,melville,7.139284769694011
7,austen,536,wells,6.781620661417644
7,austen,536,austen,5.163020753860474
7,austen,536,fitzgerald,6.989822907881304
7,austen,536,twain,6.997827089749849
7,austen,537,train,4.393737602233887
7,austen,537,baum,6.77307653427124
7,austen,537,thompson,7.343747774759929
7,austen,537,dickens,6.61950765715705
7,austen,537,melville,7.133959929148356
7,austen,537,wells,6.776525894800822
7,austen,537,austen,5.165744209289551
7,austen,537,fitzgerald,6.9861579374833545
7,austen,537,twain,6.9919155194209175
7,austen,538,train,4.422186088562012
7,austen,538,baum,6.771478462219238
7,austen,538,thompson,7.341016292572021
7,austen,538,dickens,6.618826945622762
7,austen,538,melville,7.131106615066528
7,austen,538,wells,6.774914662043254
7,austen,538,austen,5.165600252151489
7,austen,538,fitzgerald,6.980161146684126
7,austen,538,twain,6.991347239567683
7,austen,539,train,4.40870304107666
7,austen,539,baum,6.774512577056885
7,austen,539,thompson,7.348700682322184
7,austen,539,dickens,6.61806583404541
7,austen,539,melville,7.1320576667785645
7,austen,539,wells,6.781204064687093
7,austen,539,austen,5.162138414382935
7,austen,539,fitzgerald,6.986001318151301
7,austen,539,twain,6.997361770043006
7,austen,540,train,4.3905939102172855
7,austen,540,baum,6.779649353027343
7,austen,540,thompson,7.35911766688029
7,austen,540,dickens,6.623585250642565
7,austen,540,melville,7.1397074063618975
7,austen,540,wells,6.783161799112956
7,austen,540,austen,5.160064697265625
7,austen,540,fitzgerald,6.993828470056707
7,austen,540,twain,7.003320693969727
7,austen,541,train,4.422748661041259
7,austen,541,baum,6.776589679718017
7,austen,541,thompson,7.354214350382487
7,austen,541,dickens,6.624381303787232
7,austen,541,melville,7.139005104700725
7,austen,541,wells,6.78339942296346
7,austen,541,austen,5.163392829895019
7,austen,541,fitzgerald,6.98756911537864
7,austen,541,twain,6.999590947077825
7,austen,542,train,4.443268299102783
7,austen,542,baum,6.773201560974121
7,austen,542,thompson,7.338733514149983
7,austen,542,dickens,6.615880224439833
7,austen,542,melville,7.1312339305877686
7,austen,542,wells,6.7772321701049805
7,austen,542,austen,5.161566972732544
7,austen,542,fitzgerald,6.98341517014937
7,austen,542,twain,6.995819275195782
7,austen,543,train,4.371838092803955
7,austen,543,baum,6.778931140899658
7,austen,543,thompson,7.351370334625244
7,austen,543,dickens,6.620020045174493
7,austen,543,melville,7.136368592580159
7,austen,543,wells,6.778173844019572
7,austen,543,austen,5.161869096755981
7,austen,543,fitzgerald,6.991639093919233
7,austen,543,twain,6.999911051530105
7,austen,544,train,4.396116828918457
7,austen,544,baum,6.780234050750733
7,austen,544,thompson,7.353660901387532
7,austen,544,dickens,6.624859809875488
7,austen,544,melville,7.142821153004964
7,austen,544,wells,6.78709355990092
7,austen,544,austen,5.160954904556275
7,austen,544,fitzgerald,6.994489799846303
7,austen,544,twain,7.003764299245981
7,austen,545,train,4.4548920631408695
7,austen,545,baum,6.7761918067932125
7,austen,545,thompson,7.349264462788899
7,austen,545,dickens,6.621166149775188
7,austen,545,melville,7.141174395879109
7,austen,545,wells,6.78620449701945
7,austen,545,austen,5.16007170677185
7,austen,545,fitzgerald,6.989011114293879
7,austen,545,twain,7.002635295574482
7,austen,546,train,4.395248985290527
7,austen,546,baum,6.773438930511475
7,austen,546,thompson,7.354785601298015
7,austen,546,dickens,6.621446026696099
7,austen,546,melville,7.135949691136678
7,austen,546,wells,6.779351234436035
7,austen,546,austen,5.159473896026611
7,austen,546,fitzgerald,6.988640655170787
7,austen,546,twain,6.99833004291241
7,austen,547,train,4.400323486328125
7,austen,547,baum,6.784449291229248
7,austen,547,thompson,7.352717399597168
7,austen,547,dickens,6.616730610529582
7,austen,547,melville,7.135633627573649
7,austen,547,wells,6.780052264531453
7,austen,547,austen,5.158803462982178
7,austen,547,fitzgerald,6.993101380088112
7,austen,547,twain,6.995577408717229
7,austen,548,train,4.41573314666748
7,austen,548,baum,6.783414840698242
7,austen,548,thompson,7.350839455922444
7,austen,548,dickens,6.615438461303711
7,austen,548,melville,7.131247917811076
7,austen,548,wells,6.776211977005005
7,austen,548,austen,5.159456253051758
7,austen,548,fitzgerald,6.990242177789861
7,austen,548,twain,6.993126245645376
7,austen,549,train,4.398495006561279
7,austen,549,baum,6.787264251708985
7,austen,549,thompson,7.362269401550293
7,austen,549,dickens,6.623688406414455
7,austen,549,melville,7.144427458445231
7,austen,549,wells,6.783754110336304
7,austen,549,austen,5.157377099990844
7,austen,549,fitzgerald,6.996593041853472
7,austen,549,twain,7.002320803128756
7,austen,550,train,4.376607418060303
7,austen,550,baum,6.781386470794677
7,austen,550,thompson,7.351322809855143
7,austen,550,dickens,6.619493616951837
7,austen,550,melville,7.1348990599314375
7,austen,550,wells,6.779981056849162
7,austen,550,austen,5.15510663986206
7,austen,550,fitzgerald,6.9913671666925605
7,austen,550,twain,6.997570808117207
7,austen,551,train,4.368537712097168
7,austen,551,baum,6.780184650421143
7,austen,551,thompson,7.351394812266032
7,austen,551,dickens,6.616920736100939
7,austen,551,melville,7.13433559735616
7,austen,551,wells,6.778558731079102
7,austen,551,austen,5.155760860443115
7,austen,551,fitzgerald,6.989599357951772
7,austen,551,twain,6.99441410945012
7,austen,552,train,4.402061748504639
7,austen,552,baum,6.784277629852295
7,austen,552,thompson,7.36065133412679
7,austen,552,dickens,6.627559688356188
7,austen,552,melville,7.149561723073323
7,austen,552,wells,6.790294726689656
7,austen,552,austen,5.1556267738342285
7,austen,552,fitzgerald,6.996471925215288
7,austen,552,twain,7.008168293879582
7,austen,553,train,4.404808712005615
7,austen,553,baum,6.780053901672363
7,austen,553,thompson,7.350018819173177
7,austen,553,dickens,6.621552917692396
7,austen,553,melville,7.134699026743571
7,austen,553,wells,6.7819875081380205
7,austen,553,austen,5.155324029922485
7,austen,553,fitzgerald,6.991016214544123
7,austen,553,twain,7.000799545874963
7,austen,554,train,4.394717407226563
7,austen,554,baum,6.784830856323242
7,austen,554,thompson,7.359357992808024
7,austen,554,dickens,6.632129881117079
7,austen,554,melville,7.14979100227356
7,austen,554,wells,6.794491211573283
7,austen,554,austen,5.156166410446167
7,austen,554,fitzgerald,6.996114123951305
7,austen,554,twain,7.013285893660325
7,austen,555,train,4.368178081512451
7,austen,555,baum,6.782509994506836
7,austen,555,thompson,7.354294300079346
7,austen,555,dickens,6.620612117979261
7,austen,555,melville,7.140074173609416
7,austen,555,wells,6.781376759211223
7,austen,555,austen,5.1566734790802
7,austen,555,fitzgerald,6.994375619021329
7,austen,555,twain,6.999903642214262
7,austen,556,train,4.350281524658203
7,austen,556,baum,6.785589218139648
7,austen,556,thompson,7.356466293334961
7,austen,556,dickens,6.622054100036621
7,austen,556,melville,7.144490480422974
7,austen,556,wells,6.784737348556519
7,austen,556,austen,5.155526161193848
7,austen,556,fitzgerald,6.994383898648349
7,austen,556,twain,7.003327626448411
7,austen,557,train,4.400366878509521
7,austen,557,baum,6.790291500091553
7,austen,557,thompson,7.361720561981201
7,austen,557,dickens,6.624849637349446
7,austen,557,melville,7.146365642547607
7,austen,557,wells,6.786177794138591
7,austen,557,austen,5.154618453979492
7,austen,557,fitzgerald,6.996632315895774
7,austen,557,twain,7.006231748140776
7,austen,558,train,4.40181188583374
7,austen,558,baum,6.782092666625976
7,austen,558,thompson,7.350518703460693
7,austen,558,dickens,6.62228348520067
7,austen,558,melville,7.138030608495076
7,austen,558,wells,6.784886121749878
7,austen,558,austen,5.153361082077026
7,austen,558,fitzgerald,6.9920173124833545
7,austen,558,twain,7.002780620868389
7,austen,559,train,4.379237079620362
7,austen,559,baum,6.778802967071533
7,austen,559,thompson,7.351476510365804
7,austen,559,dickens,6.618337207370335
7,austen,559,melville,7.1367777188618975
7,austen,559,wells,6.782544851303101
7,austen,559,austen,5.153074264526367
7,austen,559,fitzgerald,6.994277433915571
7,austen,559,twain,7.000010196979229
7,austen,560,train,4.381355857849121
7,austen,560,baum,6.789114284515381
7,austen,560,thompson,7.362329483032227
7,austen,560,dickens,6.623058160146077
7,austen,560,melville,7.143118381500244
7,austen,560,wells,6.786693414052327
7,austen,560,austen,5.151156568527222
7,austen,560,fitzgerald,7.001343206925825
7,austen,560,twain,7.0055266893827
7,austen,561,train,4.371841621398926
7,austen,561,baum,6.790436172485352
7,austen,561,thompson,7.361433347066243
7,austen,561,dickens,6.623202588823107
7,austen,561,melville,7.141395330429077
7,austen,561,wells,6.787448565165202
7,austen,561,austen,5.152740573883056
7,austen,561,fitzgerald,6.998067032207143
7,austen,561,twain,7.005943885216346
7,austen,562,train,4.371634006500244
7,austen,562,baum,6.791089153289795
7,austen,562,thompson,7.364085833231608
7,austen,562,dickens,6.629761377970378
7,austen,562,melville,7.147286335627238
7,austen,562,wells,6.7913711865743
7,austen,562,austen,5.156041860580444
7,austen,562,fitzgerald,7.002124656330455
7,austen,562,twain,7.009882230025071
7,austen,563,train,4.375254821777344
7,austen,563,baum,6.79415340423584
7,austen,563,thompson,7.368342876434326
7,austen,563,dickens,6.624476909637451
7,austen,563,melville,7.148661772410075
7,austen,563,wells,6.790100812911987
7,austen,563,austen,5.149591255187988
7,austen,563,fitzgerald,7.006109844554555
7,austen,563,twain,7.00688127370981
7,austen,564,train,4.338048648834229
7,austen,564,baum,6.788948917388916
7,austen,564,thompson,7.368968645731608
7,austen,564,dickens,6.629651334550646
7,austen,564,melville,7.146300156911214
7,austen,564,wells,6.791339874267578
7,austen,564,austen,5.147863101959229
7,austen,564,fitzgerald,7.003787474198775
7,austen,564,twain,7.008977303138146
7,austen,565,train,4.324826908111572
7,austen,565,baum,6.79430103302002
7,austen,565,thompson,7.373950004577637
7,austen,565,dickens,6.632629447513157
7,austen,565,melville,7.154283285140991
7,austen,565,wells,6.792104482650757
7,austen,565,austen,5.155121564865112
7,austen,565,fitzgerald,7.0099968910217285
7,austen,565,twain,7.011935747586763
7,austen,566,train,4.365166091918946
7,austen,566,baum,6.7979350090026855
7,austen,566,thompson,7.376473744710286
7,austen,566,dickens,6.640271133846706
7,austen,566,melville,7.167118151982625
7,austen,566,wells,6.806885719299316
7,austen,566,austen,5.150212526321411
7,austen,566,fitzgerald,7.010995518077504
7,austen,566,twain,7.029297681955191
7,austen,567,train,4.382606983184815
7,austen,567,baum,6.798215293884278
7,austen,567,thompson,7.37985356648763
7,austen,567,dickens,6.633729351891412
7,austen,567,melville,7.159369071324666
7,austen,567,wells,6.796628634134929
7,austen,567,austen,5.151797533035278
7,austen,567,fitzgerald,7.011392810127952
7,austen,567,twain,7.017547350663405
7,austen,568,train,4.3295619010925295
7,austen,568,baum,6.787346935272216
7,austen,568,thompson,7.371640523274739
7,austen,568,dickens,6.629595624075996
7,austen,568,melville,7.154227097829183
7,austen,568,wells,6.792297045389812
7,austen,568,austen,5.15160837173462
7,austen,568,fitzgerald,7.005412882024592
7,austen,568,twain,7.0150287334735575
7,austen,569,train,4.34790153503418
7,austen,569,baum,6.7819311141967775
7,austen,569,thompson,7.360533078511556
7,austen,569,dickens,6.621931976742214
7,austen,569,melville,7.142048358917236
7,austen,569,wells,6.782322406768799
7,austen,569,austen,5.149971580505371
7,austen,569,fitzgerald,6.997013915668834
7,austen,569,twain,7.000878077286941
7,austen,570,train,4.325618553161621
7,austen,570,baum,6.794130611419678
7,austen,570,thompson,7.375485738118489
7,austen,570,dickens,6.637312783135308
7,austen,570,melville,7.160104672114055
7,austen,570,wells,6.798357168833415
7,austen,570,austen,5.150250005722046
7,austen,570,fitzgerald,7.006179679523815
7,austen,570,twain,7.019978229816143
7,austen,571,train,4.360603141784668
7,austen,571,baum,6.797034072875976
7,austen,571,thompson,7.379604657491048
7,austen,571,dickens,6.633808771769206
7,austen,571,melville,7.160317023595174
7,austen,571,wells,6.798236449559529
7,austen,571,austen,5.147650337219238
7,austen,571,fitzgerald,7.0097384019331495
7,austen,571,twain,7.018374736492451
7,austen,572,train,4.3195725440979
7,austen,572,baum,6.793615818023682
7,austen,572,thompson,7.374500751495361
7,austen,572,dickens,6.628364510006374
7,austen,572,melville,7.1525460084279375
7,austen,572,wells,6.796637535095215
7,austen,572,austen,5.149317264556885
7,austen,572,fitzgerald,7.007302977822044
7,austen,572,twain,7.016242284041184
7,austen,573,train,4.339825439453125
7,austen,573,baum,6.802867126464844
7,austen,573,thompson,7.379045804341634
7,austen,573,dickens,6.636784474054973
7,austen,573,melville,7.165855725606282
7,austen,573,wells,6.807545026143392
7,austen,573,austen,5.150556755065918
7,austen,573,fitzgerald,7.014282660050825
7,austen,573,twain,7.027363263643705
7,austen,574,train,4.33826379776001
7,austen,574,baum,6.789448642730713
7,austen,574,thompson,7.366461435953776
7,austen,574,dickens,6.630582120683458
7,austen,574,melville,7.152781486511231
7,austen,574,wells,6.794542868932088
7,austen,574,austen,5.146027517318726
7,austen,574,fitzgerald,7.002501617778432
7,austen,574,twain,7.016238102546105
7,austen,575,train,4.348006248474121
7,austen,575,baum,6.792881679534912
7,austen,575,thompson,7.37437121073405
7,austen,575,dickens,6.6291064686245385
7,austen,575,melville,7.154262065887451
7,austen,575,wells,6.797358989715576
7,austen,575,austen,5.143430233001709
7,austen,575,fitzgerald,7.007911812175404
7,austen,575,twain,7.017743990971492
7,austen,576,train,4.339157009124756
7,austen,576,baum,6.793979549407959
7,austen,576,thompson,7.380900541941325
7,austen,576,dickens,6.633873833550347
7,austen,576,melville,7.157990058263143
7,austen,576,wells,6.800437927246094
7,austen,576,austen,5.145563077926636
7,austen,576,fitzgerald,7.010807297446511
7,austen,576,twain,7.020359992980957
7,austen,577,train,4.347932243347168
7,austen,577,baum,6.805478572845459
7,austen,577,thompson,7.378356615702311
7,austen,577,dickens,6.637673060099284
7,austen,577,melville,7.161139885584514
7,austen,577,wells,6.8054854075113935
7,austen,577,austen,5.145084238052368
7,austen,577,fitzgerald,7.011841600591486
7,austen,577,twain,7.024252414703369
7,austen,578,train,4.311935997009277
7,austen,578,baum,6.798926258087159
7,austen,578,thompson,7.382593631744385
7,austen,578,dickens,6.64003939098782
7,austen,578,melville,7.168376445770264
7,austen,578,wells,6.811211268107097
7,austen,578,austen,5.143094253540039
7,austen,578,fitzgerald,7.0135065425526015
7,austen,578,twain,7.032197622152475
7,austen,579,train,4.339613819122315
7,austen,579,baum,6.797372436523437
7,austen,579,thompson,7.380969206492106
7,austen,579,dickens,6.633920245700413
7,austen,579,melville,7.165532112121582
7,austen,579,wells,6.804079294204712
7,austen,579,austen,5.144844007492066
7,austen,579,fitzgerald,7.0131347396157
7,austen,579,twain,7.024015573354868
7,austen,580,train,4.334866142272949
7,austen,580,baum,6.803682804107666
7,austen,580,thompson,7.388688246409099
7,austen,580,dickens,6.639186594221327
7,austen,580,melville,7.167863130569458
7,austen,580,wells,6.807767232259114
7,austen,580,austen,5.140391206741333
7,austen,580,fitzgerald,7.016354300759056
7,austen,580,twain,7.02816838484544
7,austen,581,train,4.336103820800782
7,austen,581,baum,6.792239189147949
7,austen,581,thompson,7.37222162882487
7,austen,581,dickens,6.63365117708842
7,austen,581,melville,7.156448284784953
7,austen,581,wells,6.798853000005086
7,austen,581,austen,5.144581508636475
7,austen,581,fitzgerald,7.007729356939143
7,austen,581,twain,7.0199169012216425
7,austen,582,train,4.342604637145996
7,austen,582,baum,6.805664730072022
7,austen,582,thompson,7.39138921101888
7,austen,582,dickens,6.638791667090522
7,austen,582,melville,7.178061326344808
7,austen,582,wells,6.812596162160237
7,austen,582,austen,5.1438981056213375
7,austen,582,fitzgerald,7.0227463028647685
7,austen,582,twain,7.033718255849985
7,austen,583,train,4.300244617462158
7,austen,583,baum,6.799148654937744
7,austen,583,thompson,7.381901741027832
7,austen,583,dickens,6.641565879185994
7,austen,583,melville,7.168628533681233
7,austen,583,wells,6.810208876927693
7,austen,583,austen,5.1427994728088375
7,austen,583,fitzgerald,7.015965895219282
7,austen,583,twain,7.028867648198054
7,austen,584,train,4.342159271240234
7,austen,584,baum,6.807298374176026
7,austen,584,thompson,7.391618887583415
7,austen,584,dickens,6.649867402182685
7,austen,584,melville,7.185442606608073
7,austen,584,wells,6.819631338119507
7,austen,584,austen,5.147434234619141
7,austen,584,fitzgerald,7.0215960849415175
7,austen,584,twain,7.042009170238789
7,austen,585,train,4.341831302642822
7,austen,585,baum,6.809376811981201
7,austen,585,thompson,7.386987368265788
7,austen,585,dickens,6.638653596242269
7,austen,585,melville,7.170089642206828
7,austen,585,wells,6.808802843093872
7,austen,585,austen,5.140270328521728
7,austen,585,fitzgerald,7.016467224467885
7,austen,585,twain,7.027991588299091
7,austen,586,train,4.310216808319092
7,austen,586,baum,6.806893348693848
7,austen,586,thompson,7.393218040466309
7,austen,586,dickens,6.637254582511054
7,austen,586,melville,7.170087099075317
7,austen,586,wells,6.8058812618255615
7,austen,586,austen,5.143724966049194
7,austen,586,fitzgerald,7.023283915086226
7,austen,586,twain,7.025371404794546
7,austen,587,train,4.328498649597168
7,austen,587,baum,6.808970928192139
7,austen,587,thompson,7.394927819569905
7,austen,587,dickens,6.650149451361762
7,austen,587,melville,7.188290357589722
7,austen,587,wells,6.824992259343465
7,austen,587,austen,5.142190647125244
7,austen,587,fitzgerald,7.027824488553134
7,austen,587,twain,7.044775596031776
7,austen,588,train,4.29452428817749
7,austen,588,baum,6.80907564163208
7,austen,588,thompson,7.389768123626709
7,austen,588,dickens,6.640720976723565
7,austen,588,melville,7.173653841018677
7,austen,588,wells,6.810482104619344
7,austen,588,austen,5.1404516220092775
7,austen,588,fitzgerald,7.025833736766469
7,austen,588,twain,7.029738389528715
7,austen,589,train,4.271014022827148
7,austen,589,baum,6.806315517425537
7,austen,589,thompson,7.385599613189697
7,austen,589,dickens,6.645101891623603
7,austen,589,melville,7.176562150319417
7,austen,589,wells,6.816251357396443
7,austen,589,austen,5.14233980178833
7,austen,589,fitzgerald,7.020059152082964
7,austen,589,twain,7.036492567795974
7,austen,590,train,4.285321807861328
7,austen,590,baum,6.806993293762207
7,austen,590,thompson,7.394926389058431
7,austen,590,dickens,6.646812253528172
7,austen,590,melville,7.176490227381389
7,austen,590,wells,6.816453456878662
7,austen,590,austen,5.141040849685669
7,austen,590,fitzgerald,7.024618929082697
7,austen,590,twain,7.038546562194824
7,austen,591,train,4.333236789703369
7,austen,591,baum,6.808295440673828
7,austen,591,thompson,7.394364674886067
7,austen,591,dickens,6.6383792294396295
7,austen,591,melville,7.172840754191081
7,austen,591,wells,6.815434217453003
7,austen,591,austen,5.136570835113526
7,austen,591,fitzgerald,7.024958523837003
7,austen,591,twain,7.034399582789495
7,austen,592,train,4.277564620971679
7,austen,592,baum,6.807884979248047
7,austen,592,thompson,7.397516409556071
7,austen,592,dickens,6.63973249329461
7,austen,592,melville,7.170607407887776
7,austen,592,wells,6.808327992757161
7,austen,592,austen,5.137644577026367
7,austen,592,fitzgerald,7.026148969476873
7,austen,592,twain,7.030271236713116
7,austen,593,train,4.256535434722901
7,austen,593,baum,6.812247657775879
7,austen,593,thompson,7.403520743052165
7,austen,593,dickens,6.652064137988621
7,austen,593,melville,7.183313846588135
7,austen,593,wells,6.824429829915364
7,austen,593,austen,5.138186502456665
7,austen,593,fitzgerald,7.032027981498024
7,austen,593,twain,7.048733161045955
7,austen,594,train,4.29952220916748
7,austen,594,baum,6.819259071350098
7,austen,594,thompson,7.410391966501872
7,austen,594,dickens,6.658929347991943
7,austen,594,melville,7.193824450174968
7,austen,594,wells,6.829228401184082
7,austen,594,austen,5.138279104232788
7,austen,594,fitzgerald,7.034705465490168
7,austen,594,twain,7.0522171167226935
7,austen,595,train,4.2773772239685055
7,austen,595,baum,6.816383075714112
7,austen,595,thompson,7.402537981669108
7,austen,595,dickens,6.648468308978611
7,austen,595,melville,7.18702499071757
7,austen,595,wells,6.821944395701091
7,austen,595,austen,5.1410259246826175
7,austen,595,fitzgerald,7.031010584397749
7,austen,595,twain,7.044156954838679
7,austen,596,train,4.308764934539795
7,austen,596,baum,6.811371517181397
7,austen,596,thompson,7.397267023722331
7,austen,596,dickens,6.642495552698772
7,austen,596,melville,7.176044782002767
7,austen,596,wells,6.816831350326538
7,austen,596,austen,5.140660238265991
7,austen,596,fitzgerald,7.023695642297918
7,austen,596,twain,7.040571432847243
7,austen,597,train,4.300613498687744
7,austen,597,baum,6.805724430084228
7,austen,597,thompson,7.399853706359863
7,austen,597,dickens,6.641720506880018
7,austen,597,melville,7.176957448323567
7,austen,597,wells,6.812009890874227
7,austen,597,austen,5.13624153137207
7,austen,597,fitzgerald,7.024851799011231
7,austen,597,twain,7.031464173243596
7,austen,598,train,4.305886936187744
7,austen,598,baum,6.8087715148925785
7,austen,598,thompson,7.407364209493001
7,austen,598,dickens,6.647085560692681
7,austen,598,melville,7.181684414545695
7,austen,598,wells,6.818404754002889
7,austen,598,austen,5.137186288833618
7,austen,598,fitzgerald,7.030994805422696
7,austen,598,twain,7.040832996368408
7,austen,599,train,4.271115303039551
7,austen,599,baum,6.800147342681885
7,austen,599,thompson,7.394771099090576
7,austen,599,dickens,6.635887066523234
7,austen,599,melville,7.169354359308879
7,austen,599,wells,6.805509090423584
7,austen,599,austen,5.135645580291748
7,austen,599,fitzgerald,7.025188836184415
7,austen,599,twain,7.02528322660006
7,austen,600,train,4.275838661193848
7,austen,600,baum,6.807061004638672
7,austen,600,thompson,7.4036533037821455
7,austen,600,dickens,6.651814248826769
7,austen,600,melville,7.182183424631755
7,austen,600,wells,6.820609490076701
7,austen,600,austen,5.135398864746094
7,austen,600,fitzgerald,7.027905507521196
7,austen,600,twain,7.044487439669096
7,austen,601,train,4.301930999755859
7,austen,601,baum,6.805371284484863
7,austen,601,thompson,7.392004172007243
7,austen,601,dickens,6.63868769009908
7,austen,601,melville,7.166920026143392
7,austen,601,wells,6.808862368265788
7,austen,601,austen,5.136529207229614
7,austen,601,fitzgerald,7.021595087918368
7,austen,601,twain,7.026640451871431
7,austen,602,train,4.310734176635743
7,austen,602,baum,6.817348766326904
7,austen,602,thompson,7.41841967900594
7,austen,602,dickens,6.656980488035414
7,austen,602,melville,7.190250555674235
7,austen,602,wells,6.831437269846599
7,austen,602,austen,5.135376167297364
7,austen,602,fitzgerald,7.035926862196489
7,austen,602,twain,7.05289888381958
7,austen,603,train,4.256202030181885
7,austen,603,baum,6.819487762451172
7,austen,603,thompson,7.41515302658081
7,austen,603,dickens,6.650717761781481
7,austen,603,melville,7.194679419199626
7,austen,603,wells,6.829358498255412
7,austen,603,austen,5.135123491287232
7,austen,603,fitzgerald,7.0392022566361865
7,austen,603,twain,7.050734299879808
7,austen,604,train,4.291536903381347
7,austen,604,baum,6.8207324028015135
7,austen,604,thompson,7.427203973134358
7,austen,604,dickens,6.658359898461236
7,austen,604,melville,7.200126806894938
7,austen,604,wells,6.835479180018107
7,austen,604,austen,5.140061140060425
7,austen,604,fitzgerald,7.040108420632103
7,austen,604,twain,7.057606807121863
7,austen,605,train,4.295491504669189
7,austen,605,baum,6.813195037841797
7,austen,605,thompson,7.411062399546306
7,austen,605,dickens,6.6511364512973365
7,austen,605,melville,7.18622366587321
7,austen,605,wells,6.824592351913452
7,austen,605,austen,5.1315906047821045
7,austen,605,fitzgerald,7.033510121432218
7,austen,605,twain,7.046529953296368
7,austen,606,train,4.289584827423096
7,austen,606,baum,6.813991069793701
7,austen,606,thompson,7.408626556396484
7,austen,606,dickens,6.649696667989095
7,austen,606,melville,7.189968665440877
7,austen,606,wells,6.827121814092
7,austen,606,austen,5.134336280822754
7,austen,606,fitzgerald,7.035234277898615
7,austen,606,twain,7.04758332325862
7,austen,607,train,4.297990608215332
7,austen,607,baum,6.829007148742676
7,austen,607,thompson,7.422953923543294
7,austen,607,dickens,6.665779166751438
7,austen,607,melville,7.201597531636556
7,austen,607,wells,6.83859395980835
7,austen,607,austen,5.1389435768127445
7,austen,607,fitzgerald,7.044164310802113
7,austen,607,twain,7.062978341029241
7,austen,608,train,4.250294208526611
7,austen,608,baum,6.825143623352051
7,austen,608,thompson,7.414664586385091
7,austen,608,dickens,6.654552194807264
7,austen,608,melville,7.188732782999675
7,austen,608,wells,6.825799703598023
7,austen,608,austen,5.133203125
7,austen,608,fitzgerald,7.040838848460805
7,austen,608,twain,7.04784396978525
7,austen,609,train,4.268741512298584
7,austen,609,baum,6.815797996520996
7,austen,609,thompson,7.407163461049397
7,austen,609,dickens,6.648246579700047
7,austen,609,melville,7.184592167536418
7,austen,609,wells,6.821722110112508
7,austen,609,austen,5.131416893005371
7,austen,609,fitzgerald,7.036648360165683
7,austen,609,twain,7.04218497643104
7,austen,610,train,4.270581340789795
7,austen,610,baum,6.814175415039062
7,austen,610,thompson,7.408868948618571
7,austen,610,dickens,6.640188349617852
7,austen,610,melville,7.179487784703572
7,austen,610,wells,6.818392117818196
7,austen,610,austen,5.126578330993652
7,austen,610,fitzgerald,7.035863182761452
7,austen,610,twain,7.039895681234507
7,austen,611,train,4.241506576538086
7,austen,611,baum,6.82965145111084
7,austen,611,thompson,7.427022616068522
7,austen,611,dickens,6.664519919289483
7,austen,611,melville,7.207372109095256
7,austen,611,wells,6.841721375783284
7,austen,611,austen,5.131937360763549
7,austen,611,fitzgerald,7.045815727927468
7,austen,611,twain,7.064294191507193
7,austen,612,train,4.271964359283447
7,austen,612,baum,6.820759677886963
7,austen,612,thompson,7.410019556681315
7,austen,612,dickens,6.651120636198256
7,austen,612,melville,7.183460235595703
7,austen,612,wells,6.8248692353566485
7,austen,612,austen,5.130685949325562
7,austen,612,fitzgerald,7.037025538357821
7,austen,612,twain,7.044582697061392
7,austen,613,train,4.278438568115234
7,austen,613,baum,6.8231409072875975
7,austen,613,thompson,7.423446178436279
7,austen,613,dickens,6.65844464302063
7,austen,613,melville,7.196506023406982
7,austen,613,wells,6.834426800409953
7,austen,613,austen,5.131703186035156
7,austen,613,fitzgerald,7.042562181299383
7,austen,613,twain,7.0583230165334845
7,austen,614,train,4.241544342041015
7,austen,614,baum,6.819134616851807
7,austen,614,thompson,7.415298938751221
7,austen,614,dickens,6.64886670642429
7,austen,614,melville,7.189771413803101
7,austen,614,wells,6.824466228485107
7,austen,614,austen,5.129739618301391
7,austen,614,fitzgerald,7.040202400901101
7,austen,614,twain,7.046322088975173
7,austen,615,train,4.248074913024903
7,austen,615,baum,6.82253475189209
7,austen,615,thompson,7.419706503550212
7,austen,615,dickens,6.657473060819838
7,austen,615,melville,7.1927330493927
7,austen,615,wells,6.829334259033203
7,austen,615,austen,5.1331030368804935
7,austen,615,fitzgerald,7.040940674868497
7,austen,615,twain,7.050996707035945
7,austen,616,train,4.268739795684814
7,austen,616,baum,6.82482271194458
7,austen,616,thompson,7.426586945851644
7,austen,616,dickens,6.65216064453125
7,austen,616,melville,7.199006954828898
7,austen,616,wells,6.830782492955525
7,austen,616,austen,5.129966068267822
7,austen,616,fitzgerald,7.046214493838224
7,austen,616,twain,7.051068416008582
7,austen,617,train,4.259044170379639
7,austen,617,baum,6.81982650756836
7,austen,617,thompson,7.425094922383626
7,austen,617,dickens,6.660495705074734
7,austen,617,melville,7.20325779914856
7,austen,617,wells,6.838445425033569
7,austen,617,austen,5.131120538711548
7,austen,617,fitzgerald,7.042069911956787
7,austen,617,twain,7.060918954702524
7,austen,618,train,4.251708602905273
7,austen,618,baum,6.823628902435303
7,austen,618,thompson,7.419096946716309
7,austen,618,dickens,6.647412220637004
7,austen,618,melville,7.191545327504476
7,austen,618,wells,6.829941511154175
7,austen,618,austen,5.124396562576294
7,austen,618,fitzgerald,7.04256027395075
7,austen,618,twain,7.052544337052566
7,austen,619,train,4.274865436553955
7,austen,619,baum,6.82500467300415
7,austen,619,thompson,7.430516242980957
7,austen,619,dickens,6.668452262878418
7,austen,619,melville,7.212310949961345
7,austen,619,wells,6.851258357365926
7,austen,619,austen,5.127503299713135
7,austen,619,fitzgerald,7.05081523548473
7,austen,619,twain,7.07679792550894
7,austen,620,train,4.267169380187989
7,austen,620,baum,6.826440143585205
7,austen,620,thompson,7.425180117289226
7,austen,620,dickens,6.653933975431654
7,austen,620,melville,7.200541416803996
7,austen,620,wells,6.833532651265462
7,austen,620,austen,5.126042699813842
7,austen,620,fitzgerald,7.049888524142179
7,austen,620,twain,7.055290919083816
7,austen,621,train,4.2442137718200685
7,austen,621,baum,6.8343277931213375
7,austen,621,thompson,7.429113388061523
7,austen,621,dickens,6.664008034600152
7,austen,621,melville,7.207147439320882
7,austen,621,wells,6.8455454508463545
7,austen,621,austen,5.127659606933594
7,austen,621,fitzgerald,7.051835667003285
7,austen,621,twain,7.066944085634672
7,austen,622,train,4.237952804565429
7,austen,622,baum,6.830334568023682
7,austen,622,thompson,7.438752015431722
7,austen,622,dickens,6.671730624304877
7,austen,622,melville,7.215907573699951
7,austen,622,wells,6.848613023757935
7,austen,622,austen,5.132862377166748
7,austen,622,fitzgerald,7.054774587804621
7,austen,622,twain,7.073233237633338
7,austen,623,train,4.289416980743408
7,austen,623,baum,6.831049060821533
7,austen,623,thompson,7.426089763641357
7,austen,623,dickens,6.659663332833184
7,austen,623,melville,7.199457883834839
7,austen,623,wells,6.840304295221965
7,austen,623,austen,5.127155208587647
7,austen,623,fitzgerald,7.046794414520264
7,austen,623,twain,7.057937695429875
7,austen,624,train,4.25473165512085
7,austen,624,baum,6.8351600646972654
7,austen,624,thompson,7.444145679473877
7,austen,624,dickens,6.667914205127293
7,austen,624,melville,7.214986006418864
7,austen,624,wells,6.84584903717041
7,austen,624,austen,5.127524185180664
7,austen,624,fitzgerald,7.05762884833596
7,austen,624,twain,7.0684224642240086
7,austen,625,train,4.231318092346191
7,austen,625,baum,6.823243427276611
7,austen,625,thompson,7.428136348724365
7,austen,625,dickens,6.669171969095866
7,austen,625,melville,7.205099423726399
7,austen,625,wells,6.844480355580648
7,austen,625,austen,5.129249143600464
7,austen,625,fitzgerald,7.045963894237172
7,austen,625,twain,7.069068395174467
7,austen,626,train,4.259561252593994
7,austen,626,baum,6.825655078887939
7,austen,626,thompson,7.426188786824544
7,austen,626,dickens,6.665416055255466
7,austen,626,melville,7.208141009012858
7,austen,626,wells,6.840590794881185
7,austen,626,austen,5.130159664154053
7,austen,626,fitzgerald,7.049140453338623
7,austen,626,twain,7.061436066260705
7,austen,627,train,4.242596435546875
7,austen,627,baum,6.833706760406495
7,austen,627,thompson,7.437386671702067
7,austen,627,dickens,6.670998732248942
7,austen,627,melville,7.213752031326294
7,austen,627,wells,6.8517922560373945
7,austen,627,austen,5.125230026245117
7,austen,627,fitzgerald,7.054582552476362
7,austen,627,twain,7.0746259689331055
7,austen,628,train,4.244892024993897
7,austen,628,baum,6.831121921539307
7,austen,628,thompson,7.433737754821777
7,austen,628,dickens,6.669460296630859
7,austen,628,melville,7.21443756421407
7,austen,628,wells,6.851680835088094
7,austen,628,austen,5.12849063873291
7,austen,628,fitzgerald,7.054810090498491
7,austen,628,twain,7.073628352238582
7,austen,629,train,4.236009120941162
7,austen,629,baum,6.826884746551514
7,austen,629,thompson,7.423567612965901
7,austen,629,dickens,6.659283664491442
7,austen,629,melville,7.194070974985759
7,austen,629,wells,6.836493810017903
7,austen,629,austen,5.125524950027466
7,austen,629,fitzgerald,7.047007257288152
7,austen,629,twain,7.058338642120361
7,austen,630,train,4.227604007720947
7,austen,630,baum,6.839130878448486
7,austen,630,thompson,7.446095625559489
7,austen,630,dickens,6.672826846440633
7,austen,630,melville,7.21592116355896
7,austen,630,wells,6.854642311731975
7,austen,630,austen,5.126359987258911
7,austen,630,fitzgerald,7.059591380032626
7,austen,630,twain,7.078201257265532
7,austen,631,train,4.254483604431153
7,austen,631,baum,6.830783843994141
7,austen,631,thompson,7.440119584401448
7,austen,631,dickens,6.66840664545695
7,austen,631,melville,7.212424278259277
7,austen,631,wells,6.849935054779053
7,austen,631,austen,5.1265857219696045
7,austen,631,fitzgerald,7.052883668379351
7,austen,631,twain,7.07261742078341
7,austen,632,train,4.21852855682373
7,austen,632,baum,6.837187099456787
7,austen,632,thompson,7.440563042958577
7,austen,632,dickens,6.669264316558838
7,austen,632,melville,7.218295335769653
7,austen,632,wells,6.855986515680949
7,austen,632,austen,5.127422618865967
7,austen,632,fitzgerald,7.060655160383745
7,austen,632,twain,7.078558408297026
7,austen,633,train,4.23254508972168
7,austen,633,baum,6.832113265991211
7,austen,633,thompson,7.435673236846924
7,austen,633,dickens,6.665328078799778
7,austen,633,melville,7.203908125559489
7,austen,633,wells,6.840622345606486
7,austen,633,austen,5.124881887435913
7,austen,633,fitzgerald,7.053293054754084
7,austen,633,twain,7.064891338348389
7,austen,634,train,4.253799057006836
7,austen,634,baum,6.84393720626831
7,austen,634,thompson,7.444332917531331
7,austen,634,dickens,6.672646045684815
7,austen,634,melville,7.225142478942871
7,austen,634,wells,6.858881553014119
7,austen,634,austen,5.128498888015747
7,austen,634,fitzgerald,7.062217712402344
7,austen,634,twain,7.083144774803748
7,austen,635,train,4.207834148406983
7,austen,635,baum,6.837668323516846
7,austen,635,thompson,7.441524982452393
7,austen,635,dickens,6.665430651770698
7,austen,635,melville,7.216478188832601
7,austen,635,wells,6.85060993830363
7,austen,635,austen,5.1227940082550045
7,austen,635,fitzgerald,7.061054403131658
7,austen,635,twain,7.07515995319073
7,austen,636,train,4.243915939331055
7,austen,636,baum,6.828189945220947
7,austen,636,thompson,7.430427233378093
7,austen,636,dickens,6.659055789311727
7,austen,636,melville,7.207352638244629
7,austen,636,wells,6.841416994730632
7,austen,636,austen,5.1236635684967045
7,austen,636,fitzgerald,7.053888581015847
7,austen,636,twain,7.063360030834492
7,austen,637,train,4.242570781707764
7,austen,637,baum,6.838049125671387
7,austen,637,thompson,7.452839692433675
7,austen,637,dickens,6.679243034786648
7,austen,637,melville,7.23629625638326
7,austen,637,wells,6.868055423100789
7,austen,637,austen,5.124301528930664
7,austen,637,fitzgerald,7.067951332439076
7,austen,637,twain,7.092180802271916
7,austen,638,train,4.233702087402344
7,austen,638,baum,6.833792686462402
7,austen,638,thompson,7.437652746836345
7,austen,638,dickens,6.657481537924872
7,austen,638,melville,7.203840255737305
7,austen,638,wells,6.8418201605478925
7,austen,638,austen,5.122804784774781
7,austen,638,fitzgerald,7.057269486514005
7,austen,638,twain,7.060403713813195
7,austen,639,train,4.236825370788575
7,austen,639,baum,6.8374505043029785
7,austen,639,thompson,7.436809539794922
7,austen,639,dickens,6.661494016647339
7,austen,639,melville,7.211056629816691
7,austen,639,wells,6.846891800562541
7,austen,639,austen,5.128396701812744
7,austen,639,fitzgerald,7.0578015067360615
7,austen,639,twain,7.067301970261794
7,austen,640,train,4.217316150665283
7,austen,640,baum,6.842448616027832
7,austen,640,thompson,7.443224747975667
7,austen,640,dickens,6.672474940617879
7,austen,640,melville,7.218515555063884
7,austen,640,wells,6.857612291971843
7,austen,640,austen,5.125268507003784
7,austen,640,fitzgerald,7.060670245777477
7,austen,640,twain,7.083024795238789
7,austen,641,train,4.223830032348633
7,austen,641,baum,6.846688938140869
7,austen,641,thompson,7.454123020172119
7,austen,641,dickens,6.679978344175551
7,austen,641,melville,7.228325605392456
7,austen,641,wells,6.8643092314402265
7,austen,641,austen,5.125045347213745
7,austen,641,fitzgerald,7.064704981717196
7,austen,641,twain,7.0887490419241095
7,austen,642,train,4.22753324508667
7,austen,642,baum,6.840300178527832
7,austen,642,thompson,7.449270884195964
7,austen,642,dickens,6.670939048131307
7,austen,642,melville,7.223911285400391
7,austen,642,wells,6.856078147888184
7,austen,642,austen,5.124328517913819
7,austen,642,fitzgerald,7.063429789109663
7,austen,642,twain,7.080794224372277
7,austen,643,train,4.230396270751953
7,austen,643,baum,6.830815124511719
7,austen,643,thompson,7.442010720570882
7,austen,643,dickens,6.66354857550727
7,austen,643,melville,7.206388155619304
7,austen,643,wells,6.845252911249797
7,austen,643,austen,5.122235250473023
7,austen,643,fitzgerald,7.053863742134788
7,austen,643,twain,7.069256195655236
7,austen,644,train,4.210213756561279
7,austen,644,baum,6.844926643371582
7,austen,644,thompson,7.461400032043457
7,austen,644,dickens,6.675818522771199
7,austen,644,melville,7.225720246632894
7,austen,644,wells,6.858119487762451
7,austen,644,austen,5.124952936172486
7,austen,644,fitzgerald,7.065008640289307
7,austen,644,twain,7.083695338322566
7,austen,645,train,4.235296630859375
7,austen,645,baum,6.838985347747803
7,austen,645,thompson,7.454492568969727
7,austen,645,dickens,6.665341350767347
7,austen,645,melville,7.21762744585673
7,austen,645,wells,6.850765307744344
7,austen,645,austen,5.122632265090942
7,austen,645,fitzgerald,7.065629785711115
7,austen,645,twain,7.075214899503267
7,austen,646,train,4.169177913665772
7,austen,646,baum,6.850545406341553
7,austen,646,thompson,7.460363864898682
7,austen,646,dickens,6.679662466049194
7,austen,646,melville,7.230462074279785
7,austen,646,wells,6.863878647486369
7,austen,646,austen,5.125029993057251
7,austen,646,fitzgerald,7.072062102231112
7,austen,646,twain,7.087713351616492
7,austen,647,train,4.219686698913574
7,austen,647,baum,6.843187713623047
7,austen,647,thompson,7.452313899993896
7,austen,647,dickens,6.675109942754109
7,austen,647,melville,7.219705104827881
7,austen,647,wells,6.856921911239624
7,austen,647,austen,5.123431730270386
7,austen,647,fitzgerald,7.060752045024525
7,austen,647,twain,7.081995010375977
7,austen,648,train,4.2360881805419925
7,austen,648,baum,6.847332668304444
7,austen,648,thompson,7.459508577982585
7,austen,648,dickens,6.674201620949639
7,austen,648,melville,7.221085786819458
7,austen,648,wells,6.860363721847534
7,austen,648,austen,5.121355819702148
7,austen,648,fitzgerald,7.068752939050848
7,austen,648,twain,7.086370101341834
7,austen,649,train,4.19737434387207
7,austen,649,baum,6.845625686645508
7,austen,649,thompson,7.456308682759603
7,austen,649,dickens,6.676358275943333
7,austen,649,melville,7.230219999949138
7,austen,649,wells,6.865105072657268
7,austen,649,austen,5.1218119144439695
7,austen,649,fitzgerald,7.06768629767678
7,austen,649,twain,7.092880945939284
7,austen,650,train,4.185133552551269
7,austen,650,baum,6.848598194122315
7,austen,650,thompson,7.467267831166585
7,austen,650,dickens,6.685096979141235
7,austen,650,melville,7.239058971405029
7,austen,650,wells,6.871960719426473
7,austen,650,austen,5.123312902450562
7,austen,650,fitzgerald,7.074438355185769
7,austen,650,twain,7.097549731914814
7,austen,651,train,4.233153629302978
7,austen,651,baum,6.840962505340576
7,austen,651,thompson,7.452630678812663
7,austen,651,dickens,6.670699252022637
7,austen,651,melville,7.218931198120117
7,austen,651,wells,6.852134068806966
7,austen,651,austen,5.122727346420288
7,austen,651,fitzgerald,7.06615569374778
7,austen,651,twain,7.077767995687632
7,austen,652,train,4.227310466766357
7,austen,652,baum,6.857084083557129
7,austen,652,thompson,7.467478593190511
7,austen,652,dickens,6.682003762986925
7,austen,652,melville,7.243446111679077
7,austen,652,wells,6.873461723327637
7,austen,652,austen,5.122686576843262
7,austen,652,fitzgerald,7.07684950395064
7,austen,652,twain,7.0992817511925335
7,austen,653,train,4.247123908996582
7,austen,653,baum,6.847096347808838
7,austen,653,thompson,7.460749626159668
7,austen,653,dickens,6.676331811481052
7,austen,653,melville,7.228887716929118
7,austen,653,wells,6.85969344774882
7,austen,653,austen,5.122334718704224
7,austen,653,fitzgerald,7.069573272358287
7,austen,653,twain,7.083967979137714
7,austen,654,train,4.198865127563477
7,austen,654,baum,6.864112854003906
7,austen,654,thompson,7.469834645589192
7,austen,654,dickens,6.690962394078572
7,austen,654,melville,7.249893188476562
7,austen,654,wells,6.879816929499309
7,austen,654,austen,5.123475980758667
7,austen,654,fitzgerald,7.080803697759455
7,austen,654,twain,7.106563054598295
7,austen,655,train,4.1990996360778805
7,austen,655,baum,6.851612758636475
7,austen,655,thompson,7.461120287577311
7,austen,655,dickens,6.67253319422404
7,austen,655,melville,7.226751168568929
7,austen,655,wells,6.859404484430949
7,austen,655,austen,5.118870782852173
7,austen,655,fitzgerald,7.075113643299449
7,austen,655,twain,7.083041631258451
7,austen,656,train,4.194862747192383
7,austen,656,baum,6.849913311004639
7,austen,656,thompson,7.460661093393962
7,austen,656,dickens,6.682930628458659
7,austen,656,melville,7.235012292861938
7,austen,656,wells,6.870656808217366
7,austen,656,austen,5.122593641281128
7,austen,656,fitzgerald,7.07164378599687
7,austen,656,twain,7.095204976888804
7,austen,657,train,4.180367755889892
7,austen,657,baum,6.848456192016601
7,austen,657,thompson,7.459595521291097
7,austen,657,dickens,6.680594815148248
7,austen,657,melville,7.233576377232869
7,austen,657,wells,6.867473681767781
7,austen,657,austen,5.118287229537964
7,austen,657,fitzgerald,7.073577707464045
7,austen,657,twain,7.09122921870305
7,austen,658,train,4.198776149749756
7,austen,658,baum,6.847405910491943
7,austen,658,thompson,7.462316672007243
7,austen,658,dickens,6.678401470184326
7,austen,658,melville,7.236269315083821
7,austen,658,wells,6.8660759925842285
7,austen,658,austen,5.117455244064331
7,austen,658,fitzgerald,7.072983655062589
7,austen,658,twain,7.091823394481953
7,austen,659,train,4.185629367828369
7,austen,659,baum,6.862712764739991
7,austen,659,thompson,7.469376564025879
7,austen,659,dickens,6.6852355533176
7,austen,659,melville,7.243338108062744
7,austen,659,wells,6.872424125671387
7,austen,659,austen,5.120740079879761
7,austen,659,fitzgerald,7.079762328754772
7,austen,659,twain,7.095361892993633
7,austen,660,train,4.156472206115723
7,austen,660,baum,6.853491497039795
7,austen,660,thompson,7.462494532267253
7,austen,660,dickens,6.680549462636312
7,austen,660,melville,7.237999359766642
7,austen,660,wells,6.866772810618083
7,austen,660,austen,5.119465017318726
7,austen,660,fitzgerald,7.080750291997736
7,austen,660,twain,7.089630640470064
7,austen,661,train,4.2126874923706055
7,austen,661,baum,6.851212978363037
7,austen,661,thompson,7.461114883422852
7,austen,661,dickens,6.679947641160753
7,austen,661,melville,7.22757625579834
7,austen,661,wells,6.864289999008179
7,austen,661,austen,5.118550395965576
7,austen,661,fitzgerald,7.07481709393588
7,austen,661,twain,7.089184651008019
7,austen,662,train,4.194869422912598
7,austen,662,baum,6.858761787414551
7,austen,662,thompson,7.479746659596761
7,austen,662,dickens,6.692621363533868
7,austen,662,melville,7.248732328414917
7,austen,662,wells,6.882843017578125
7,austen,662,austen,5.123458957672119
7,austen,662,fitzgerald,7.081317901611328
7,austen,662,twain,7.103321075439453
7,austen,663,train,4.192583465576172
7,austen,663,baum,6.858159351348877
7,austen,663,thompson,7.473138650258382
7,austen,663,dickens,6.689687410990397
7,austen,663,melville,7.246414502461751
7,austen,663,wells,6.879188299179077
7,austen,663,austen,5.118287420272827
7,austen,663,fitzgerald,7.080993175506592
7,austen,663,twain,7.1011678255521336
7,austen,664,train,4.170737934112549
7,austen,664,baum,6.856698608398437
7,austen,664,thompson,7.469330946604411
7,austen,664,dickens,6.677419900894165
7,austen,664,melville,7.233295281728108
7,austen,664,wells,6.866705576578776
7,austen,664,austen,5.122585248947144
7,austen,664,fitzgerald,7.080499258908358
7,austen,664,twain,7.089968131138728
7,austen,665,train,4.184108257293701
7,austen,665,baum,6.863090515136719
7,austen,665,thompson,7.47783883412679
7,austen,665,dickens,6.680584854549831
7,austen,665,melville,7.2432998816172285
7,austen,665,wells,6.87332026163737
7,austen,665,austen,5.117957925796508
7,austen,665,fitzgerald,7.08670204335993
7,austen,665,twain,7.098048723660982
7,austen,666,train,4.178040981292725
7,austen,666,baum,6.859591388702393
7,austen,666,thompson,7.476195812225342
7,austen,666,dickens,6.682797696855333
7,austen,666,melville,7.245205561319987
7,austen,666,wells,6.873677889506022
7,austen,666,austen,5.1177160263061525
7,austen,666,fitzgerald,7.085575927387584
7,austen,666,twain,7.096542835235596
7,austen,667,train,4.1780345916748045
7,austen,667,baum,6.851819229125977
7,austen,667,thompson,7.475459098815918
7,austen,667,dickens,6.680474493238661
7,austen,667,melville,7.239367564519246
7,austen,667,wells,6.866185267766316
7,austen,667,austen,5.116629648208618
7,austen,667,fitzgerald,7.084259813482111
7,austen,667,twain,7.093770797436054
7,austen,668,train,4.156281852722168
7,austen,668,baum,6.85565710067749
7,austen,668,thompson,7.4777530034383135
7,austen,668,dickens,6.683696137534247
7,austen,668,melville,7.239711840947469
7,austen,668,wells,6.869229873021443
7,austen,668,austen,5.119797039031982
7,austen,668,fitzgerald,7.086350180886009
7,austen,668,twain,7.097148381746733
7,austen,669,train,4.192660331726074
7,austen,669,baum,6.867804336547851
7,austen,669,thompson,7.487892945607503
7,austen,669,dickens,6.697434822718303
7,austen,669,melville,7.258622169494629
7,austen,669,wells,6.891740878423055
7,austen,669,austen,5.118920850753784
7,austen,669,fitzgerald,7.09224982695146
7,austen,669,twain,7.116704757396992
7,austen,670,train,4.164752674102783
7,austen,670,baum,6.858109378814698
7,austen,670,thompson,7.476567427317302
7,austen,670,dickens,6.686543146769206
7,austen,670,melville,7.24370805422465
7,austen,670,wells,6.876513878504436
7,austen,670,austen,5.114351892471314
7,austen,670,fitzgerald,7.083500081842596
7,austen,670,twain,7.10372440631573
7,austen,671,train,4.181252479553223
7,austen,671,baum,6.857894039154052
7,austen,671,thompson,7.478501319885254
7,austen,671,dickens,6.685566822687785
7,austen,671,melville,7.244154930114746
7,austen,671,wells,6.8752180735270185
7,austen,671,austen,5.116781520843506
7,austen,671,fitzgerald,7.085256273096258
7,austen,671,twain,7.100619352780855
7,austen,672,train,4.184340381622315
7,austen,672,baum,6.878463840484619
7,austen,672,thompson,7.496299743652344
7,austen,672,dickens,6.699581623077393
7,austen,672,melville,7.2597183386484785
7,austen,672,wells,6.893139680226644
7,austen,672,austen,5.126807975769043
7,austen,672,fitzgerald,7.09760046005249
7,austen,672,twain,7.118120193481445
7,austen,673,train,4.164172554016114
7,austen,673,baum,6.874740409851074
7,austen,673,thompson,7.491650581359863
7,austen,673,dickens,6.6963240305582685
7,austen,673,melville,7.2673806349436445
7,austen,673,wells,6.893959283828735
7,austen,673,austen,5.118653869628906
7,austen,673,fitzgerald,7.098110025579279
7,austen,673,twain,7.118164502657377
7,austen,674,train,4.206913757324219
7,austen,674,baum,6.863185214996338
7,austen,674,thompson,7.489237308502197
7,austen,674,dickens,6.692707909478082
7,austen,674,melville,7.25124986966451
7,austen,674,wells,6.8867238362630205
7,austen,674,austen,5.116586542129516
7,austen,674,fitzgerald,7.094709439711138
7,austen,674,twain,7.115136366624099
7,austen,675,train,4.170279312133789
7,austen,675,baum,6.864348316192627
7,austen,675,thompson,7.4882222811381025
7,austen,675,dickens,6.687997817993164
7,austen,675,melville,7.255438407262166
7,austen,675,wells,6.885584115982056
7,austen,675,austen,5.11730923652649
7,austen,675,fitzgerald,7.0947465896606445
7,austen,675,twain,7.113309383392334
7,austen,676,train,4.1705554008483885
7,austen,676,baum,6.86350269317627
7,austen,676,thompson,7.476964632670085
7,austen,676,dickens,6.68556899494595
7,austen,676,melville,7.248072942097981
7,austen,676,wells,6.881414890289307
7,austen,676,austen,5.115330362319947
7,austen,676,fitzgerald,7.0913405418396
7,austen,676,twain,7.107834119063157
7,austen,677,train,4.177546405792237
7,austen,677,baum,6.859728717803955
7,austen,677,thompson,7.4781826337178545
7,austen,677,dickens,6.688996685875787
7,austen,677,melville,7.241631746292114
7,austen,677,wells,6.881057103474935
7,austen,677,austen,5.118479871749878
7,austen,677,fitzgerald,7.086580623279918
7,austen,677,twain,7.104036404536321
7,austen,678,train,4.139172172546386
7,austen,678,baum,6.867598056793213
7,austen,678,thompson,7.490639368693034
7,austen,678,dickens,6.694696293936835
7,austen,678,melville,7.255960623423259
7,austen,678,wells,6.883836587270101
7,austen,678,austen,5.1174358367919925
7,austen,678,fitzgerald,7.097002332860773
7,austen,678,twain,7.1113260342524605
7,austen,679,train,4.1647257804870605
7,austen,679,baum,6.865559959411621
7,austen,679,thompson,7.485606829325358
7,austen,679,dickens,6.694111903508504
7,austen,679,melville,7.253313461939494
7,austen,679,wells,6.887587706247966
7,austen,679,austen,5.117746925354004
7,austen,679,fitzgerald,7.091208848086271
7,austen,679,twain,7.112954469827505
7,austen,680,train,4.181493091583252
7,austen,680,baum,6.858351516723633
7,austen,680,thompson,7.487518151601155
7,austen,680,dickens,6.696283075544569
7,austen,680,melville,7.260131279627482
7,austen,680,wells,6.887984832127889
7,austen,680,austen,5.119087409973145
7,austen,680,fitzgerald,7.091627424413508
7,austen,680,twain,7.114708533653846
7,austen,681,train,4.163280296325683
7,austen,681,baum,6.861164569854736
7,austen,681,thompson,7.486304918924968
7,austen,681,dickens,6.69003513124254
7,austen,681,melville,7.248785654703776
7,austen,681,wells,6.880326509475708
7,austen,681,austen,5.116141271591187
7,austen,681,fitzgerald,7.090785373340953
7,austen,681,twain,7.103649176084078
7,austen,682,train,4.15813045501709
7,austen,682,baum,6.874753761291504
7,austen,682,thompson,7.500469366709392
7,austen,682,dickens,6.707292556762695
7,austen,682,melville,7.27396289507548
7,austen,682,wells,6.90419864654541
7,austen,682,austen,5.119725370407105
7,austen,682,fitzgerald,7.104053670709783
7,austen,682,twain,7.1298926793611965
7,austen,683,train,4.176683902740479
7,austen,683,baum,6.872301006317139
7,austen,683,thompson,7.49524434407552
7,austen,683,dickens,6.697708951102363
7,austen,683,melville,7.254734754562378
7,austen,683,wells,6.886331399281819
7,austen,683,austen,5.117021608352661
7,austen,683,fitzgerald,7.098799922249534
7,austen,683,twain,7.112349180074839
7,austen,684,train,4.149946308135986
7,austen,684,baum,6.873231220245361
7,austen,684,thompson,7.493242899576823
7,austen,684,dickens,6.699773364596897
7,austen,684,melville,7.261512676874797
7,austen,684,wells,6.893207470575969
7,austen,684,austen,5.119352674484253
7,austen,684,fitzgerald,7.097324154593728
7,austen,684,twain,7.120373762570894
7,austen,685,train,4.157561874389648
7,austen,685,baum,6.876484775543213
7,austen,685,thompson,7.489575703938802
7,austen,685,dickens,6.699875301784939
7,austen,685,melville,7.256946484247844
7,austen,685,wells,6.893439213434855
7,austen,685,austen,5.11875205039978
7,austen,685,fitzgerald,7.094512939453125
7,austen,685,twain,7.118062349466177
7,austen,686,train,4.1492585182189945
7,austen,686,baum,6.8712310791015625
7,austen,686,thompson,7.48618761698405
7,austen,686,dickens,6.700226730770535
7,austen,686,melville,7.2604037920633955
7,austen,686,wells,6.894880135854085
7,austen,686,austen,5.114717435836792
7,austen,686,fitzgerald,7.096409277482466
7,austen,686,twain,7.120226089770977
7,austen,687,train,4.129143810272216
7,austen,687,baum,6.86762228012085
7,austen,687,thompson,7.50036636988322
7,austen,687,dickens,6.703097052044338
7,austen,687,melville,7.262829462687175
7,austen,687,wells,6.8930104573567705
7,austen,687,austen,5.112428951263428
7,austen,687,fitzgerald,7.099886330691251
7,austen,687,twain,7.12122840147752
7,austen,688,train,4.153407669067383
7,austen,688,baum,6.874526119232177
7,austen,688,thompson,7.496851762135823
7,austen,688,dickens,6.702421983083089
7,austen,688,melville,7.267335812250773
7,austen,688,wells,6.894867022832234
7,austen,688,austen,5.114283847808838
7,austen,688,fitzgerald,7.104416240345348
7,austen,688,twain,7.120082194988544
7,austen,689,train,4.129221439361572
7,austen,689,baum,6.875954437255859
7,austen,689,thompson,7.495479901631673
7,austen,689,dickens,6.701227982838948
7,austen,689,melville,7.254712740580241
7,austen,689,wells,6.888564507166545
7,austen,689,austen,5.116900682449341
7,austen,689,fitzgerald,7.0958545424721455
7,austen,689,twain,7.116675083453838
7,austen,690,train,4.141778755187988
7,austen,690,baum,6.886222648620605
7,austen,690,thompson,7.509324391682942
7,austen,690,dickens,6.709988858964708
7,austen,690,melville,7.282180945078532
7,austen,690,wells,6.906912406285604
7,austen,690,austen,5.118704605102539
7,austen,690,fitzgerald,7.108484398234975
7,austen,690,twain,7.132600087385911
7,austen,691,train,4.147634792327881
7,austen,691,baum,6.8783951759338375
7,austen,691,thompson,7.504043738047282
7,austen,691,dickens,6.704574214087592
7,austen,691,melville,7.268735488255818
7,austen,691,wells,6.901083707809448
7,austen,691,austen,5.117190170288086
7,austen,691,fitzgerald,7.105044538324529
7,austen,691,twain,7.12257326566256
7,austen,692,train,4.105961036682129
7,austen,692,baum,6.869302654266358
7,austen,692,thompson,7.498402118682861
7,austen,692,dickens,6.699002901713054
7,austen,692,melville,7.261901458104451
7,austen,692,wells,6.895198265711467
7,austen,692,austen,5.112362003326416
7,austen,692,fitzgerald,7.104348529468883
7,austen,692,twain,7.120433477255014
7,austen,693,train,4.160479068756104
7,austen,693,baum,6.8787922859191895
7,austen,693,thompson,7.511749744415283
7,austen,693,dickens,6.713453478283352
7,austen,693,melville,7.274395147959392
7,austen,693,wells,6.905670166015625
7,austen,693,austen,5.113445138931274
7,austen,693,fitzgerald,7.1065570224415175
7,austen,693,twain,7.133211502662072
7,austen,694,train,4.12379207611084
7,austen,694,baum,6.882110500335694
7,austen,694,thompson,7.508028348286946
7,austen,694,dickens,6.712423695458306
7,austen,694,melville,7.272019147872925
7,austen,694,wells,6.904335657755534
7,austen,694,austen,5.110175800323487
7,austen,694,fitzgerald,7.109090978449041
7,austen,694,twain,7.130609695728008
7,austen,695,train,4.127171325683594
7,austen,695,baum,6.896467304229736
7,austen,695,thompson,7.523752530415853
7,austen,695,dickens,6.722245878643459
7,austen,695,melville,7.288140853246053
7,austen,695,wells,6.92088262240092
7,austen,695,austen,5.116393756866455
7,austen,695,fitzgerald,7.120006561279297
7,austen,695,twain,7.149015573354868
7,austen,696,train,4.128489398956299
7,austen,696,baum,6.889080429077149
7,austen,696,thompson,7.509380340576172
7,austen,696,dickens,6.714413642883301
7,austen,696,melville,7.284208218256633
7,austen,696,wells,6.913319031397502
7,austen,696,austen,5.115342092514038
7,austen,696,fitzgerald,7.112423289905895
7,austen,696,twain,7.14192298742441
7,austen,697,train,4.10748929977417
7,austen,697,baum,6.882629013061523
7,austen,697,thompson,7.503083388010661
7,austen,697,dickens,6.711814959843953
7,austen,697,melville,7.274953921635945
7,austen,697,wells,6.908162991205852
7,austen,697,austen,5.114235210418701
7,austen,697,fitzgerald,7.107571168379351
7,austen,697,twain,7.134184507223276
7,austen,698,train,4.155354404449463
7,austen,698,baum,6.879328823089599
7,austen,698,thompson,7.5044606526692705
7,austen,698,dickens,6.71682087580363
7,austen,698,melville,7.279679139455159
7,austen,698,wells,6.915460507074992
7,austen,698,austen,5.114575004577636
7,austen,698,fitzgerald,7.111957159909335
7,austen,698,twain,7.143065415895903
7,austen,699,train,4.129589080810547
7,austen,699,baum,6.892312717437744
7,austen,699,thompson,7.518894513448079
7,austen,699,dickens,6.717592239379883
7,austen,699,melville,7.284408251444499
7,austen,699,wells,6.915498892466228
7,austen,699,austen,5.115725517272949
7,austen,699,fitzgerald,7.117737553336403
7,austen,699,twain,7.139830956092248
7,austen,700,train,4.079522705078125
7,austen,700,baum,6.889824867248535
7,austen,700,thompson,7.507238388061523
7,austen,700,dickens,6.713379595014784
7,austen,700,melville,7.28284200032552
7,austen,700,wells,6.91382360458374
7,austen,700,austen,5.112225770950317
7,austen,700,fitzgerald,7.114653023806485
7,austen,700,twain,7.139415887685923
7,austen,701,train,4.145158863067627
7,austen,701,baum,6.899812126159668
7,austen,701,thompson,7.527017752329509
7,austen,701,dickens,6.731454743279351
7,austen,701,melville,7.298006772994995
7,austen,701,wells,6.932770411173503
7,austen,701,austen,5.118624258041382
7,austen,701,fitzgerald,7.12282792004672
7,austen,701,twain,7.15709348825308
7,austen,702,train,4.1330945014953615
7,austen,702,baum,6.889114189147949
7,austen,702,thompson,7.517217953999837
7,austen,702,dickens,6.715366098615858
7,austen,702,melville,7.281509876251221
7,austen,702,wells,6.911924997965495
7,austen,702,austen,5.115703582763672
7,austen,702,fitzgerald,7.114989844235507
7,austen,702,twain,7.136684601123516
7,austen,703,train,4.099544906616211
7,austen,703,baum,6.891397762298584
7,austen,703,thompson,7.520297368367513
7,austen,703,dickens,6.716852294074164
7,austen,703,melville,7.276769002278645
7,austen,703,wells,6.909664233525594
7,austen,703,austen,5.116283178329468
7,austen,703,fitzgerald,7.117008729414507
7,austen,703,twain,7.13814665721013
7,austen,704,train,4.1227545738220215
7,austen,704,baum,6.89078950881958
7,austen,704,thompson,7.518271128336589
7,austen,704,dickens,6.720385842853123
7,austen,704,melville,7.281823555628459
7,austen,704,wells,6.912776470184326
7,austen,704,austen,5.1173381328582765
7,austen,704,fitzgerald,7.115269487554377
7,austen,704,twain,7.138644658602201
7,austen,705,train,4.1211038589477536
7,austen,705,baum,6.893255424499512
7,austen,705,thompson,7.520427703857422
7,austen,705,dickens,6.721841679679023
7,austen,705,melville,7.289692719777425
7,austen,705,wells,6.917973438898723
7,austen,705,austen,5.119341659545898
7,austen,705,fitzgerald,7.1175737380981445
7,austen,705,twain,7.147657357729399
7,austen,706,train,4.077896213531494
7,austen,706,baum,6.891983985900879
7,austen,706,thompson,7.519330978393555
7,austen,706,dickens,6.717742575539483
7,austen,706,melville,7.28026803334554
7,austen,706,wells,6.914259831110637
7,austen,706,austen,5.114366626739502
7,austen,706,fitzgerald,7.1146766055714
7,austen,706,twain,7.143167165609507
7,austen,707,train,4.1111400604248045
7,austen,707,baum,6.901543617248535
7,austen,707,thompson,7.524605592091878
7,austen,707,dickens,6.716770145628187
7,austen,707,melville,7.291110595067342
7,austen,707,wells,6.919667879740397
7,austen,707,austen,5.115508604049682
7,austen,707,fitzgerald,7.123863350261342
7,austen,707,twain,7.14651713004479
7,austen,708,train,4.126967716217041
7,austen,708,baum,6.894275856018067
7,austen,708,thompson,7.522178332010905
7,austen,708,dickens,6.7174473603566485
7,austen,708,melville,7.285890817642212
7,austen,708,wells,6.914715925852458
7,austen,708,austen,5.11480040550232
7,austen,708,fitzgerald,7.119570385326039
7,austen,708,twain,7.143711126767672
7,austen,709,train,4.114397239685059
7,austen,709,baum,6.894742584228515
7,austen,709,thompson,7.517776012420654
7,austen,709,dickens,6.713323381212023
7,austen,709,melville,7.276257594426473
7,austen,709,wells,6.913135369618733
7,austen,709,austen,5.115707778930664
7,austen,709,fitzgerald,7.116456898775968
7,austen,709,twain,7.13955648128803
7,austen,710,train,4.10200080871582
7,austen,710,baum,6.8973723411560055
7,austen,710,thompson,7.527108192443848
7,austen,710,dickens,6.7147608862982855
7,austen,710,melville,7.283502101898193
7,austen,710,wells,6.91691009203593
7,austen,710,austen,5.112289237976074
7,austen,710,fitzgerald,7.120830882679332
7,austen,710,twain,7.141555235936091
7,austen,711,train,4.106472206115723
7,austen,711,baum,6.897604465484619
7,austen,711,thompson,7.530242443084717
7,austen,711,dickens,6.718065367804633
7,austen,711,melville,7.283264875411987
7,austen,711,wells,6.915757576624553
7,austen,711,austen,5.113546466827392
7,austen,711,fitzgerald,7.125291607596657
7,austen,711,twain,7.1421098709106445
7,austen,712,train,4.0777253150939945
7,austen,712,baum,6.897576808929443
7,austen,712,thompson,7.524793783823649
7,austen,712,dickens,6.719220479329427
7,austen,712,melville,7.283853212992351
7,austen,712,wells,6.9179301261901855
7,austen,712,austen,5.112646436691284
7,austen,712,fitzgerald,7.124118111350319
7,austen,712,twain,7.145379543304443
7,austen,713,train,4.093218517303467
7,austen,713,baum,6.899699115753174
7,austen,713,thompson,7.537045319875081
7,austen,713,dickens,6.730107492870754
7,austen,713,melville,7.297157684961955
7,austen,713,wells,6.9273011684417725
7,austen,713,austen,5.116286611557007
7,austen,713,fitzgerald,7.125426812605425
7,austen,713,twain,7.153789630303016
7,austen,714,train,4.098169422149658
7,austen,714,baum,6.908370590209961
7,austen,714,thompson,7.541347185770671
7,austen,714,dickens,6.736680560641819
7,austen,714,melville,7.3053890864054365
7,austen,714,wells,6.941220045089722
7,austen,714,austen,5.115412425994873
7,austen,714,fitzgerald,7.133844592354515
7,austen,714,twain,7.170507834507869
7,austen,715,train,4.133034133911133
7,austen,715,baum,6.905088424682617
7,austen,715,thompson,7.542796929677327
7,austen,715,dickens,6.724688609441121
7,austen,715,melville,7.298481623331706
7,austen,715,wells,6.921121120452881
7,austen,715,austen,5.112682247161866
7,austen,715,fitzgerald,7.131359403783625
7,austen,715,twain,7.148133131173941
7,austen,716,train,4.071143722534179
7,austen,716,baum,6.911684513092041
7,austen,716,thompson,7.543299833933513
7,austen,716,dickens,6.739639679590861
7,austen,716,melville,7.304846843083699
7,austen,716,wells,6.939356406529744
7,austen,716,austen,5.118813800811767
7,austen,716,fitzgerald,7.133954048156738
7,austen,716,twain,7.166436158693754
7,austen,717,train,4.127684879302978
7,austen,717,baum,6.898268032073974
7,austen,717,thompson,7.532499313354492
7,austen,717,dickens,6.724626567628649
7,austen,717,melville,7.286082585652669
7,austen,717,wells,6.919125398000081
7,austen,717,austen,5.115160846710205
7,austen,717,fitzgerald,7.123310175808993
7,austen,717,twain,7.145280801332914
7,austen,718,train,4.090828990936279
7,austen,718,baum,6.902466869354248
7,austen,718,thompson,7.535725434621175
7,austen,718,dickens,6.733339786529541
7,austen,718,melville,7.300089677174886
7,austen,718,wells,6.932454029719035
7,austen,718,austen,5.115361547470092
7,austen,718,fitzgerald,7.130902550437233
7,austen,718,twain,7.157415133256179
7,austen,719,train,4.109888935089112
7,austen,719,baum,6.895238399505615
7,austen,719,thompson,7.532118638356526
7,austen,719,dickens,6.722593333986071
7,austen,719,melville,7.289863109588623
7,austen,719,wells,6.924160003662109
7,austen,719,austen,5.109473800659179
7,austen,719,fitzgerald,7.1239141117442735
7,austen,719,twain,7.144927354959341
7,austen,720,train,4.07654390335083
7,austen,720,baum,6.911540222167969
7,austen,720,thompson,7.543764114379883
7,austen,720,dickens,6.737130138609144
7,austen,720,melville,7.307571808497111
7,austen,720,wells,6.943273862202962
7,austen,720,austen,5.115664434432984
7,austen,720,fitzgerald,7.137679403478449
7,austen,720,twain,7.1667815721952
7,austen,721,train,4.075519371032715
7,austen,721,baum,6.905640888214111
7,austen,721,thompson,7.5383620262146
7,austen,721,dickens,6.731853008270264
7,austen,721,melville,7.302684545516968
7,austen,721,wells,6.9346591631571455
7,austen,721,austen,5.112782382965088
7,austen,721,fitzgerald,7.133856209841642
7,austen,721,twain,7.16052062694843
7,austen,722,train,4.063661670684814
7,austen,722,baum,6.908270454406738
7,austen,722,thompson,7.535994688669841
7,austen,722,dickens,6.726600646972656
7,austen,722,melville,7.295191685358684
7,austen,722,wells,6.930583794911702
7,austen,722,austen,5.108698749542237
7,austen,722,fitzgerald,7.132126764817671
7,austen,722,twain,7.154868125915527
7,austen,723,train,4.065974426269531
7,austen,723,baum,6.8941350936889645
7,austen,723,thompson,7.532294750213623
7,austen,723,dickens,6.718995253245036
7,austen,723,melville,7.286223967870076
7,austen,723,wells,6.914156913757324
7,austen,723,austen,5.109299564361573
7,austen,723,fitzgerald,7.124929904937744
7,austen,723,twain,7.141204247107873
7,austen,724,train,4.075663375854492
7,austen,724,baum,6.908105945587158
7,austen,724,thompson,7.534307638804118
7,austen,724,dickens,6.736791001425849
7,austen,724,melville,7.302052021026611
7,austen,724,wells,6.933391571044922
7,austen,724,austen,5.117001485824585
7,austen,724,fitzgerald,7.128651835701683
7,austen,724,twain,7.155732264885535
7,austen,725,train,4.093599605560303
7,austen,725,baum,6.901864433288575
7,austen,725,thompson,7.534044742584228
7,austen,725,dickens,6.727980269326104
7,austen,725,melville,7.299676100413005
7,austen,725,wells,6.920954783757527
7,austen,725,austen,5.113743829727173
7,austen,725,fitzgerald,7.129244197498668
7,austen,725,twain,7.146062117356521
7,austen,726,train,4.0652978897094725
7,austen,726,baum,6.90919828414917
7,austen,726,thompson,7.54336150487264
7,austen,726,dickens,6.727778222825792
7,austen,726,melville,7.302467823028564
7,austen,726,wells,6.929656505584717
7,austen,726,austen,5.1126282691955565
7,austen,726,fitzgerald,7.133506904948842
7,austen,726,twain,7.155207413893479
7,austen,727,train,4.074552154541015
7,austen,727,baum,6.916684246063232
7,austen,727,thompson,7.551870187123616
7,austen,727,dickens,6.740372048483954
7,austen,727,melville,7.3203675746917725
7,austen,727,wells,6.947737614313762
7,austen,727,austen,5.114024353027344
7,austen,727,fitzgerald,7.14463793147694
7,austen,727,twain,7.172121854928824
7,austen,728,train,4.098862648010254
7,austen,728,baum,6.9052894592285154
7,austen,728,thompson,7.540436426798503
7,austen,728,dickens,6.729093154271443
7,austen,728,melville,7.292552471160889
7,austen,728,wells,6.927541176478068
7,austen,728,austen,5.111126470565796
7,austen,728,fitzgerald,7.132228677923029
7,austen,728,twain,7.152763219980093
7,austen,729,train,4.107907772064209
7,austen,729,baum,6.905573558807373
7,austen,729,thompson,7.540542125701904
7,austen,729,dickens,6.72410069571601
7,austen,729,melville,7.293148438135783
7,austen,729,wells,6.9273765087127686
7,austen,729,austen,5.113170051574707
7,austen,729,fitzgerald,7.131439859216863
7,austen,729,twain,7.153081710521992
7,austen,730,train,4.049287796020508
7,austen,730,baum,6.913673114776612
7,austen,730,thompson,7.553588072458903
7,austen,730,dickens,6.73557800716824
7,austen,730,melville,7.302694161732991
7,austen,730,wells,6.939695835113525
7,austen,730,austen,5.112753534317017
7,austen,730,fitzgerald,7.14145057851618
7,austen,730,twain,7.163339981665978
7,austen,731,train,4.0604527473449705
7,austen,731,baum,6.9110252380371096
7,austen,731,thompson,7.548405806223552
7,austen,731,dickens,6.742630322774251
7,austen,731,melville,7.310196876525879
7,austen,731,wells,6.945284207661946
7,austen,731,austen,5.117488288879395
7,austen,731,fitzgerald,7.141814535314387
7,austen,731,twain,7.168754467597375
7,austen,732,train,4.067270278930664
7,austen,732,baum,6.904342174530029
7,austen,732,thompson,7.543018182118733
7,austen,732,dickens,6.727775838640001
7,austen,732,melville,7.292754332224528
7,austen,732,wells,6.925174951553345
7,austen,732,austen,5.109197044372559
7,austen,732,fitzgerald,7.129378275437788
7,austen,732,twain,7.148737210493821
7,austen,733,train,4.071810674667359
7,austen,733,baum,6.914339256286621
7,austen,733,thompson,7.547716617584228
7,austen,733,dickens,6.7345183160569935
7,austen,733,melville,7.310157934824626
7,austen,733,wells,6.94011664390564
7,austen,733,austen,5.114732456207276
7,austen,733,fitzgerald,7.141184069893577
7,austen,733,twain,7.165103985713079
7,austen,734,train,4.070192623138428
7,austen,734,baum,6.919109439849853
7,austen,734,thompson,7.55158805847168
7,austen,734,dickens,6.726885106828478
7,austen,734,melville,7.301995913187663
7,austen,734,wells,6.932726224263509
7,austen,734,austen,5.110444498062134
7,austen,734,fitzgerald,7.143126834522594
7,austen,734,twain,7.154057759505052
7,austen,735,train,4.037393045425415
7,austen,735,baum,6.9127685546875
7,austen,735,thompson,7.547624111175537
7,austen,735,dickens,6.729150295257568
7,austen,735,melville,7.302842219670613
7,austen,735,wells,6.939350446065267
7,austen,735,austen,5.114992284774781
7,austen,735,fitzgerald,7.140598990700462
7,austen,735,twain,7.161969551673303
7,austen,736,train,4.065859031677246
7,austen,736,baum,6.903771018981933
7,austen,736,thompson,7.551834265391032
7,austen,736,dickens,6.737327946556939
7,austen,736,melville,7.303388675053914
7,austen,736,wells,6.938453435897827
7,austen,736,austen,5.11264967918396
7,austen,736,fitzgerald,7.138303496620872
7,austen,736,twain,7.164840441483718
7,austen,737,train,4.071516323089599
7,austen,737,baum,6.923116970062256
7,austen,737,thompson,7.55798355738322
7,austen,737,dickens,6.74350184864468
7,austen,737,melville,7.315214077631633
7,austen,737,wells,6.946363051732381
7,austen,737,austen,5.10801682472229
7,austen,737,fitzgerald,7.145831498232755
7,austen,737,twain,7.1740007400512695
7,austen,738,train,4.047860431671142
7,austen,738,baum,6.91030855178833
7,austen,738,thompson,7.543843905131022
7,austen,738,dickens,6.733614100350274
7,austen,738,melville,7.298536777496338
7,austen,738,wells,6.932740449905396
7,austen,738,austen,5.116835308074951
7,austen,738,fitzgerald,7.137202999808571
7,austen,738,twain,7.161135380084698
7,austen,739,train,4.071640110015869
7,austen,739,baum,6.928752136230469
7,austen,739,thompson,7.566751797993978
7,austen,739,dickens,6.756404956181844
7,austen,739,melville,7.33148701985677
7,austen,739,wells,6.963222026824951
7,austen,739,austen,5.123711824417114
7,austen,739,fitzgerald,7.156967596574263
7,austen,739,twain,7.189965468186599
7,austen,740,train,4.058133935928344
7,austen,740,baum,6.923847103118897
7,austen,740,thompson,7.556421756744385
7,austen,740,dickens,6.747593614790175
7,austen,740,melville,7.315028667449951
7,austen,740,wells,6.949315945307414
7,austen,740,austen,5.117757940292359
7,austen,740,fitzgerald,7.147307352586226
7,austen,740,twain,7.172706237206092
7,austen,741,train,4.074919319152832
7,austen,741,baum,6.920223999023437
7,austen,741,thompson,7.551142692565918
7,austen,741,dickens,6.739455382029216
7,austen,741,melville,7.310818592707316
7,austen,741,wells,6.947465101877849
7,austen,741,austen,5.111017227172852
7,austen,741,fitzgerald,7.1475301655856045
7,austen,741,twain,7.17211807691134
7,austen,742,train,4.08621473312378
7,austen,742,baum,6.92243013381958
7,austen,742,thompson,7.555111885070801
7,austen,742,dickens,6.741410255432129
7,austen,742,melville,7.3128368854522705
7,austen,742,wells,6.95229959487915
7,austen,742,austen,5.119452953338623
7,austen,742,fitzgerald,7.150618813254616
7,austen,742,twain,7.1751861205467815
7,austen,743,train,4.060303974151611
7,austen,743,baum,6.921011638641358
7,austen,743,thompson,7.560599009195964
7,austen,743,dickens,6.740953154034084
7,austen,743,melville,7.31637167930603
7,austen,743,wells,6.94843586285909
7,austen,743,austen,5.117183542251587
7,austen,743,fitzgerald,7.148912733251398
7,austen,743,twain,7.171943737910344
7,austen,744,train,4.062196636199952
7,austen,744,baum,6.907526969909668
7,austen,744,thompson,7.552800178527832
7,austen,744,dickens,6.734232107798259
7,austen,744,melville,7.308889230092366
7,austen,744,wells,6.942378600438436
7,austen,744,austen,5.110853052139282
7,austen,744,fitzgerald,7.147425044666637
7,austen,744,twain,7.16990485558143
7,austen,745,train,4.073533058166504
7,austen,745,baum,6.9202601432800295
7,austen,745,thompson,7.556166489919026
7,austen,745,dickens,6.737288686964247
7,austen,745,melville,7.307188193003337
7,austen,745,wells,6.9476228555043535
7,austen,745,austen,5.11417965888977
7,austen,745,fitzgerald,7.152861595153809
7,austen,745,twain,7.172855193798359
7,austen,746,train,4.056141948699951
7,austen,746,baum,6.923938751220703
7,austen,746,thompson,7.559960047403972
7,austen,746,dickens,6.744713703791301
7,austen,746,melville,7.310380697250366
7,austen,746,wells,6.95141879717509
7,austen,746,austen,5.113013076782226
7,austen,746,fitzgerald,7.1558170752091845
7,austen,746,twain,7.177160483140212
7,austen,747,train,4.053319358825684
7,austen,747,baum,6.924569034576416
7,austen,747,thompson,7.551259040832519
7,austen,747,dickens,6.743323935402764
7,austen,747,melville,7.313910881678264
7,austen,747,wells,6.948608875274658
7,austen,747,austen,5.1203888893127445
7,austen,747,fitzgerald,7.151377114382657
7,austen,747,twain,7.174041124490591
7,austen,748,train,4.041891288757324
7,austen,748,baum,6.924202156066895
7,austen,748,thompson,7.557347774505615
7,austen,748,dickens,6.737147967020671
7,austen,748,melville,7.314400275548299
7,austen,748,wells,6.946162462234497
7,austen,748,austen,5.111307907104492
7,austen,748,fitzgerald,7.15429535779086
7,austen,748,twain,7.170955254481389
7,austen,749,train,4.035933494567871
7,austen,749,baum,6.935265731811524
7,austen,749,thompson,7.569553375244141
7,austen,749,dickens,6.74897034962972
7,austen,749,melville,7.3297098477681475
7,austen,749,wells,6.962827920913696
7,austen,749,austen,5.113885688781738
7,austen,749,fitzgerald,7.164785211736506
7,austen,749,twain,7.192143073448768
7,austen,750,train,4.096081256866455
7,austen,750,baum,6.9210280418396
7,austen,750,thompson,7.554757436116536
7,austen,750,dickens,6.727338499493069
7,austen,750,melville,7.302623589833577
7,austen,750,wells,6.936008373896281
7,austen,750,austen,5.110328149795532
7,austen,750,fitzgerald,7.148801500147039
7,austen,750,twain,7.159698669727032
7,austen,751,train,4.0187506675720215
7,austen,751,baum,6.930181789398193
7,austen,751,thompson,7.559873104095459
7,austen,751,dickens,6.743763420316908
7,austen,751,melville,7.314807573954265
7,austen,751,wells,6.954129060109456
7,austen,751,austen,5.115735578536987
7,austen,751,fitzgerald,7.155705061825839
7,austen,751,twain,7.176805606255164
7,austen,752,train,4.047134017944336
7,austen,752,baum,6.930602359771728
7,austen,752,thompson,7.560672760009766
7,austen,752,dickens,6.7466700077056885
7,austen,752,melville,7.317069927851359
7,austen,752,wells,6.95484201113383
7,austen,752,austen,5.11532826423645
7,austen,752,fitzgerald,7.153365915471857
7,austen,752,twain,7.176152119269738
7,austen,753,train,4.037703800201416
7,austen,753,baum,6.926692008972168
7,austen,753,thompson,7.570151487986247
7,austen,753,dickens,6.745955387751262
7,austen,753,melville,7.315923929214477
7,austen,753,wells,6.954946041107178
7,austen,753,austen,5.116636610031128
7,austen,753,fitzgerald,7.155232212760232
7,austen,753,twain,7.1781891309298
7,austen,754,train,4.027848577499389
7,austen,754,baum,6.932422733306884
7,austen,754,thompson,7.576490561167399
7,austen,754,dickens,6.7476845317416725
7,austen,754,melville,7.328795433044434
7,austen,754,wells,6.958658933639526
7,austen,754,austen,5.11337571144104
7,austen,754,fitzgerald,7.160411704670299
7,austen,754,twain,7.18402205980741
7,austen,755,train,4.025519275665284
7,austen,755,baum,6.936842823028565
7,austen,755,thompson,7.574866930643718
7,austen,755,dickens,6.75580464469062
7,austen,755,melville,7.339296181996663
7,austen,755,wells,6.971291303634644
7,austen,755,austen,5.121250963211059
7,austen,755,fitzgerald,7.1637444062666455
7,austen,755,twain,7.196993130903977
7,austen,756,train,4.011136770248413
7,austen,756,baum,6.929874897003174
7,austen,756,thompson,7.567925612131755
7,austen,756,dickens,6.7403830422295465
7,austen,756,melville,7.325127840042114
7,austen,756,wells,6.954894383748372
7,austen,756,austen,5.113074445724488
7,austen,756,fitzgerald,7.161038658835671
7,austen,756,twain,7.178677375500019
7,austen,757,train,4.0732396125793455
7,austen,757,baum,6.924576473236084
7,austen,757,thompson,7.558454513549805
7,austen,757,dickens,6.745396137237549
7,austen,757,melville,7.321715593338013
7,austen,757,wells,6.957033554712932
7,austen,757,austen,5.113407468795776
7,austen,757,fitzgerald,7.153648159720681
7,austen,757,twain,7.179900536170373
7,austen,758,train,4.014065361022949
7,austen,758,baum,6.93065824508667
7,austen,758,thompson,7.568349043528239
7,austen,758,dickens,6.7465213139851885
7,austen,758,melville,7.322972138722737
7,austen,758,wells,6.956713120142619
7,austen,758,austen,5.116327285766602
7,austen,758,fitzgerald,7.157501914284446
7,austen,758,twain,7.183248446537898
7,austen,759,train,4.012270450592041
7,austen,759,baum,6.929087829589844
7,austen,759,thompson,7.567235151926677
7,austen,759,dickens,6.738459799024794
7,austen,759,melville,7.314151287078857
7,austen,759,wells,6.945990165074666
7,austen,759,austen,5.113594484329224
7,austen,759,fitzgerald,7.159264781258323
7,austen,759,twain,7.172558417687049
7,austen,760,train,4.013118553161621
7,austen,760,baum,6.935360145568848
7,austen,760,thompson,7.580195267995198
7,austen,760,dickens,6.753314097722371
7,austen,760,melville,7.332449833552043
7,austen,760,wells,6.966011047363281
7,austen,760,austen,5.109177780151367
7,austen,760,fitzgerald,7.167341275648638
7,austen,760,twain,7.194521683913011
7,austen,761,train,4.050177574157715
7,austen,761,baum,6.938792324066162
7,austen,761,thompson,7.58306884765625
7,austen,761,dickens,6.754103024800618
7,austen,761,melville,7.326961119969686
7,austen,761,wells,6.967432339986165
7,austen,761,austen,5.115605401992798
7,austen,761,fitzgerald,7.165654876015403
7,austen,761,twain,7.195983299842248
7,austen,762,train,4.0077508926391605
7,austen,762,baum,6.932988739013672
7,austen,762,thompson,7.572889963785808
7,austen,762,dickens,6.750347958670722
7,austen,762,melville,7.325764497121175
7,austen,762,wells,6.965458393096924
7,austen,762,austen,5.115884447097779
7,austen,762,fitzgerald,7.163459561087868
7,austen,762,twain,7.187953325418325
7,austen,763,train,4.041494846343994
7,austen,763,baum,6.943652248382568
7,austen,763,thompson,7.582825342814128
7,austen,763,dickens,6.759004327985975
7,austen,763,melville,7.335774501164754
7,austen,763,wells,6.973966519037883
7,austen,763,austen,5.115959024429321
7,austen,763,fitzgerald,7.171696272763339
7,austen,763,twain,7.197330731611985
7,austen,764,train,3.9829426765441895
7,austen,764,baum,6.938950634002685
7,austen,764,thompson,7.582587083180745
7,austen,764,dickens,6.754751788245307
7,austen,764,melville,7.335466702779134
7,austen,764,wells,6.971256335576375
7,austen,764,austen,5.113898181915284
7,austen,764,fitzgerald,7.172932191328569
7,austen,764,twain,7.195789887354924
7,austen,765,train,3.998238897323609
7,austen,765,baum,6.932986450195313
7,austen,765,thompson,7.570567448933919
7,austen,765,dickens,6.751121176613702
7,austen,765,melville,7.323250850041707
7,austen,765,wells,6.968771616617839
7,austen,765,austen,5.11474027633667
7,austen,765,fitzgerald,7.162470557472923
7,austen,765,twain,7.190064173478347
7,austen,766,train,4.016243648529053
7,austen,766,baum,6.940496826171875
7,austen,766,thompson,7.585953712463379
7,austen,766,dickens,6.757351424958971
7,austen,766,melville,7.340335448582967
7,austen,766,wells,6.974134683609009
7,austen,766,austen,5.112371397018433
7,austen,766,fitzgerald,7.176149671727961
7,austen,766,twain,7.198317931248591
7,austen,767,train,4.0305780410766605
7,austen,767,baum,6.946310234069824
7,austen,767,thompson,7.587886174519856
7,austen,767,dickens,6.752645307117039
7,austen,767,melville,7.332947254180908
7,austen,767,wells,6.969730138778687
7,austen,767,austen,5.118618726730347
7,austen,767,fitzgerald,7.173660711808638
7,austen,767,twain,7.190233780787541
7,austen,768,train,3.996104335784912
7,austen,768,baum,6.948389720916748
7,austen,768,thompson,7.589400132497151
7,austen,768,dickens,6.756308131747776
7,austen,768,melville,7.332377990086873
7,austen,768,wells,6.968816995620728
7,austen,768,austen,5.112416982650757
7,austen,768,fitzgerald,7.172974456440318
7,austen,768,twain,7.196182177617
7,austen,769,train,4.017492294311523
7,austen,769,baum,6.95544958114624
7,austen,769,thompson,7.596665541330974
7,austen,769,dickens,6.7658797899882
7,austen,769,melville,7.346266349156697
7,austen,769,wells,6.981154680252075
7,austen,769,austen,5.116268301010132
7,austen,769,fitzgerald,7.177339033647017
7,austen,769,twain,7.208759491260235
7,austen,770,train,4.005728816986084
7,austen,770,baum,6.944045734405518
7,austen,770,thompson,7.59256649017334
7,austen,770,dickens,6.759278376897176
7,austen,770,melville,7.343080202738444
7,austen,770,wells,6.975150505701701
7,austen,770,austen,5.110340023040772
7,austen,770,fitzgerald,7.174651622772217
7,austen,770,twain,7.201822977799636
7,austen,771,train,4.0075414180755615
7,austen,771,baum,6.950674629211425
7,austen,771,thompson,7.598661104838054
7,austen,771,dickens,6.766838338640001
7,austen,771,melville,7.3491917451222735
7,austen,771,wells,6.986561457316081
7,austen,771,austen,5.114340114593506
7,austen,771,fitzgerald,7.18089602210305
7,austen,771,twain,7.214891470395601
7,austen,772,train,4.021021556854248
7,austen,772,baum,6.950517559051514
7,austen,772,thompson,7.598743915557861
7,austen,772,dickens,6.769810650083754
7,austen,772,melville,7.35500184694926
7,austen,772,wells,6.987842003504436
7,austen,772,austen,5.116988945007324
7,austen,772,fitzgerald,7.181272203272039
7,austen,772,twain,7.215506847088154
7,austen,773,train,3.977461624145508
7,austen,773,baum,6.963287734985352
7,austen,773,thompson,7.607125123341878
7,austen,773,dickens,6.7719283368852405
7,austen,773,melville,7.358061790466309
7,austen,773,wells,6.994318962097168
7,austen,773,austen,5.114519500732422
7,austen,773,fitzgerald,7.18422269821167
7,austen,773,twain,7.216814481295072
7,austen,774,train,4.002453136444092
7,austen,774,baum,6.953218936920166
7,austen,774,thompson,7.611924648284912
7,austen,774,dickens,6.7716564072502985
7,austen,774,melville,7.359139839808146
7,austen,774,wells,6.988250255584717
7,austen,774,austen,5.111670303344726
7,austen,774,fitzgerald,7.187559734691273
7,austen,774,twain,7.216270116659311
7,austen,775,train,3.983465147018433
7,austen,775,baum,6.952711582183838
7,austen,775,thompson,7.599693934122722
7,austen,775,dickens,6.761786195966932
7,austen,775,melville,7.34990382194519
7,austen,775,wells,6.982367118199666
7,austen,775,austen,5.112583208084106
7,austen,775,fitzgerald,7.186757911335338
7,austen,775,twain,7.20721175120427
7,austen,776,train,4.008102607727051
7,austen,776,baum,6.958752632141113
7,austen,776,thompson,7.616316477457683
7,austen,776,dickens,6.772842433717516
7,austen,776,melville,7.355652332305908
7,austen,776,wells,6.988636652628581
7,austen,776,austen,5.115089464187622
7,austen,776,fitzgerald,7.192579789595171
7,austen,776,twain,7.213425819690411
7,austen,777,train,4.0041584968566895
7,austen,777,baum,6.959660816192627
7,austen,777,thompson,7.602921485900879
7,austen,777,dickens,6.777713166342841
7,austen,777,melville,7.347976525624593
7,austen,777,wells,6.98756210009257
7,austen,777,austen,5.118624019622803
7,austen,777,fitzgerald,7.183165723627264
7,austen,777,twain,7.215140672830435
7,austen,778,train,3.999554395675659
7,austen,778,baum,6.969733047485351
7,austen,778,thompson,7.612868944803874
7,austen,778,dickens,6.778767612245348
7,austen,778,melville,7.373531818389893
7,austen,778,wells,7.00205397605896
7,austen,778,austen,5.115400695800782
7,austen,778,fitzgerald,7.20098690553145
7,austen,778,twain,7.230955710777869
7,austen,779,train,4.018729209899902
7,austen,779,baum,6.959108829498291
7,austen,779,thompson,7.613354682922363
7,austen,779,dickens,6.775549332300822
7,austen,779,melville,7.36432409286499
7,austen,779,wells,6.993496974309285
7,austen,779,austen,5.11241774559021
7,austen,779,fitzgerald,7.190838466991078
7,austen,779,twain,7.220786094665527
7,austen,780,train,3.9952931880950926
7,austen,780,baum,6.968660640716553
7,austen,780,thompson,7.615647474924724
7,austen,780,dickens,6.786042239930895
7,austen,780,melville,7.375970681508382
7,austen,780,wells,7.006168842315674
7,austen,780,austen,5.122477960586548
7,austen,780,fitzgerald,7.195839448408647
7,austen,780,twain,7.232033949631911
7,austen,781,train,3.971808433532715
7,austen,781,baum,6.963448810577392
7,austen,781,thompson,7.61568021774292
7,austen,781,dickens,6.774994187884861
7,austen,781,melville,7.35943587621053
7,austen,781,wells,6.990712245305379
7,austen,781,austen,5.117071294784546
7,austen,781,fitzgerald,7.193890051408247
7,austen,781,twain,7.218827467698317
7,austen,782,train,3.9767000675201416
7,austen,782,baum,6.963555908203125
7,austen,782,thompson,7.622191429138184
7,austen,782,dickens,6.773511224322849
7,austen,782,melville,7.363780577977498
7,austen,782,wells,6.990626255671184
7,austen,782,austen,5.112537622451782
7,austen,782,fitzgerald,7.198096925562078
7,austen,782,twain,7.2155028123122
7,austen,783,train,3.978791856765747
7,austen,783,baum,6.973609638214112
7,austen,783,thompson,7.6240692138671875
7,austen,783,dickens,6.784781032138401
7,austen,783,melville,7.370291233062744
7,austen,783,wells,7.00280483563741
7,austen,783,austen,5.123868751525879
7,austen,783,fitzgerald,7.200708085840399
7,austen,783,twain,7.227562170762282
7,austen,784,train,3.9850271701812745
7,austen,784,baum,6.96486349105835
7,austen,784,thompson,7.616832415262858
7,austen,784,dickens,6.774054288864136
7,austen,784,melville,7.353804747263591
7,austen,784,wells,6.987046718597412
7,austen,784,austen,5.120572805404663
7,austen,784,fitzgerald,7.192488757046786
7,austen,784,twain,7.211579726292537
7,austen,785,train,3.994474029541016
7,austen,785,baum,6.961789226531982
7,austen,785,thompson,7.614922046661377
7,austen,785,dickens,6.771604723400539
7,austen,785,melville,7.363980054855347
7,austen,785,wells,6.991066137949626
7,austen,785,austen,5.115691328048706
7,austen,785,fitzgerald,7.192673509771174
7,austen,785,twain,7.214694279890794
7,austen,786,train,3.998817348480225
7,austen,786,baum,6.96414966583252
7,austen,786,thompson,7.606312910715739
7,austen,786,dickens,6.768630372153388
7,austen,786,melville,7.344675938288371
7,austen,786,wells,6.9827901522318525
7,austen,786,austen,5.114499902725219
7,austen,786,fitzgerald,7.187179261987859
7,austen,786,twain,7.208263580615704
7,austen,787,train,3.979278087615967
7,austen,787,baum,6.961761856079102
7,austen,787,thompson,7.620176315307617
7,austen,787,dickens,6.77451033062405
7,austen,787,melville,7.356338977813721
7,austen,787,wells,6.987227201461792
7,austen,787,austen,5.116322612762451
7,austen,787,fitzgerald,7.189512599598277
7,austen,787,twain,7.218355142153227
7,austen,788,train,3.983999347686768
7,austen,788,baum,6.966161918640137
7,austen,788,thompson,7.609066645304362
7,austen,788,dickens,6.770119614071316
7,austen,788,melville,7.357363700866699
7,austen,788,wells,6.994011322657268
7,austen,788,austen,5.122406721115112
7,austen,788,fitzgerald,7.194978540593928
7,austen,788,twain,7.218757409315843
7,austen,789,train,3.9834850311279295
7,austen,789,baum,6.966798210144043
7,austen,789,thompson,7.616960684458415
7,austen,789,dickens,6.77574168311225
7,austen,789,melville,7.368221044540405
7,austen,789,wells,7.000136772791545
7,austen,789,austen,5.1215770721435545
7,austen,789,fitzgerald,7.197938268834895
7,austen,789,twain,7.222660248096172
7,austen,790,train,3.9805946350097656
7,austen,790,baum,6.964775562286377
7,austen,790,thompson,7.617246945699056
7,austen,790,dickens,6.779602845509847
7,austen,790,melville,7.363798459370931
7,austen,790,wells,6.996637423833211
7,austen,790,austen,5.117076730728149
7,austen,790,fitzgerald,7.1942173784429375
7,austen,790,twain,7.221616084759052
7,austen,791,train,3.985493135452271
7,austen,791,baum,6.973911190032959
7,austen,791,thompson,7.629733880360921
7,austen,791,dickens,6.781546884112888
7,austen,791,melville,7.367727518081665
7,austen,791,wells,7.00274928410848
7,austen,791,austen,5.116414308547974
7,austen,791,fitzgerald,7.206313566728071
7,austen,791,twain,7.232192736405593
7,austen,792,train,3.9837942123413086
7,austen,792,baum,6.965343856811524
7,austen,792,thompson,7.622148513793945
7,austen,792,dickens,6.7785267564985485
7,austen,792,melville,7.37265960375468
7,austen,792,wells,7.005296071370442
7,austen,792,austen,5.11799693107605
7,austen,792,fitzgerald,7.203071854331276
7,austen,792,twain,7.236129944141094
7,austen,793,train,3.988365316390991
7,austen,793,baum,6.968457508087158
7,austen,793,thompson,7.620690027872722
7,austen,793,dickens,6.784469683965047
7,austen,793,melville,7.37225866317749
7,austen,793,wells,7.00623083114624
7,austen,793,austen,5.124203777313232
7,austen,793,fitzgerald,7.200265234166926
7,austen,793,twain,7.232553812173696
7,austen,794,train,3.977887773513794
7,austen,794,baum,6.969547939300537
7,austen,794,thompson,7.624589284261067
7,austen,794,dickens,6.784904956817627
7,austen,794,melville,7.370273272196452
7,austen,794,wells,7.003959973653157
7,austen,794,austen,5.119990348815918
7,austen,794,fitzgerald,7.199819218028676
7,austen,794,twain,7.230812366192158
7,austen,795,train,3.969100427627564
7,austen,795,baum,6.960312557220459
7,austen,795,thompson,7.620931784311931
7,austen,795,dickens,6.774200598398845
7,austen,795,melville,7.365349610646565
7,austen,795,wells,6.994391123453776
7,austen,795,austen,5.117243719100952
7,austen,795,fitzgerald,7.196799061515114
7,austen,795,twain,7.22155552643996
7,austen,796,train,3.9564799785614015
7,austen,796,baum,6.970082950592041
7,austen,796,thompson,7.629134337107341
7,austen,796,dickens,6.784419139226277
7,austen,796,melville,7.371782461802165
7,austen,796,wells,7.005738496780396
7,austen,796,austen,5.1188897609710695
7,austen,796,fitzgerald,7.205081983046099
7,austen,796,twain,7.234871497521033
7,austen,797,train,3.9546645164489744
7,austen,797,baum,6.962314701080322
7,austen,797,thompson,7.61755879720052
7,austen,797,dickens,6.773779763115777
7,austen,797,melville,7.354238748550415
7,austen,797,wells,6.98754898707072
7,austen,797,austen,5.116889381408692
7,austen,797,fitzgerald,7.198319781910289
7,austen,797,twain,7.211045962113601
7,austen,798,train,3.941647005081177
7,austen,798,baum,6.975953865051269
7,austen,798,thompson,7.636568387349446
7,austen,798,dickens,6.798298014534844
7,austen,798,melville,7.384999910990397
7,austen,798,wells,7.0161276658376055
7,austen,798,austen,5.119032287597657
7,austen,798,fitzgerald,7.213754610581831
7,austen,798,twain,7.24206099143395
7,austen,799,train,3.956147003173828
7,austen,799,baum,6.970357990264892
7,austen,799,thompson,7.61793851852417
7,austen,799,dickens,6.775074402491252
7,austen,799,melville,7.359468221664429
7,austen,799,wells,6.996630589167277
7,austen,799,austen,5.117311668395996
7,austen,799,fitzgerald,7.200428659265691
7,austen,799,twain,7.22029157785269
7,austen,800,train,3.954062747955322
7,austen,800,baum,6.99691858291626
7,austen,800,thompson,7.655819098154704
7,austen,800,dickens,6.809404028786553
7,austen,800,melville,7.404249429702759
7,austen,800,wells,7.038201252619426
7,austen,800,austen,5.121709871292114
7,austen,800,fitzgerald,7.231772422790527
7,austen,800,twain,7.272100375248836
7,austen,801,train,3.976390409469604
7,austen,801,baum,6.9692737579345705
7,austen,801,thompson,7.616447766621907
7,austen,801,dickens,6.77624085214403
7,austen,801,melville,7.355186223983765
7,austen,801,wells,6.994736671447754
7,austen,801,austen,5.116730737686157
7,austen,801,fitzgerald,7.19879284772006
7,austen,801,twain,7.217457477863018
7,austen,802,train,3.969129037857056
7,austen,802,baum,6.987090587615967
7,austen,802,thompson,7.633591651916504
7,austen,802,dickens,6.792231665717231
7,austen,802,melville,7.389659404754639
7,austen,802,wells,7.019555568695068
7,austen,802,austen,5.119687366485596
7,austen,802,fitzgerald,7.217124418778853
7,austen,802,twain,7.243927478790283
7,austen,803,train,3.960957098007202
7,austen,803,baum,6.974188709259034
7,austen,803,thompson,7.633147716522217
7,austen,803,dickens,6.787989987267388
7,austen,803,melville,7.377453962961833
7,austen,803,wells,7.0121885140736895
7,austen,803,austen,5.124450016021728
7,austen,803,fitzgerald,7.208589510484175
7,austen,803,twain,7.238687661977915
7,austen,804,train,3.97873797416687
7,austen,804,baum,6.9729842185974125
7,austen,804,thompson,7.628928343454997
7,austen,804,dickens,6.783941268920898
7,austen,804,melville,7.374627113342285
7,austen,804,wells,7.00570289293925
7,austen,804,austen,5.11356897354126
7,austen,804,fitzgerald,7.204800649122759
7,austen,804,twain,7.231669462644136
7,austen,805,train,3.959846162796021
7,austen,805,baum,6.979356384277343
7,austen,805,thompson,7.635279814402263
7,austen,805,dickens,6.789682255850898
7,austen,805,melville,7.379262367884318
7,austen,805,wells,7.011038223902385
7,austen,805,austen,5.119350242614746
7,austen,805,fitzgerald,7.208040931008079
7,austen,805,twain,7.238555358006404
7,austen,806,train,4.001582193374634
7,austen,806,baum,6.977703189849853
7,austen,806,thompson,7.636860529581706
7,austen,806,dickens,6.787239048216078
7,austen,806,melville,7.38015619913737
7,austen,806,wells,7.013548533121745
7,austen,806,austen,5.1196465492248535
7,austen,806,fitzgerald,7.20949159968983
7,austen,806,twain,7.24156823525062
7,austen,807,train,3.949546432495117
7,austen,807,baum,6.974985218048095
7,austen,807,thompson,7.641225337982178
7,austen,807,dickens,6.785090658399794
7,austen,807,melville,7.373061815897624
7,austen,807,wells,7.009226719538371
7,austen,807,austen,5.119366788864136
7,austen,807,fitzgerald,7.208762342279607
7,austen,807,twain,7.234144247495211
7,austen,808,train,3.924036407470703
7,austen,808,baum,6.976059150695801
7,austen,808,thompson,7.637657642364502
7,austen,808,dickens,6.777601427502102
7,austen,808,melville,7.365632851918538
7,austen,808,wells,7.000419855117798
7,austen,808,austen,5.11620683670044
7,austen,808,fitzgerald,7.206656716086647
7,austen,808,twain,7.23045723254864
7,austen,809,train,3.93758487701416
7,austen,809,baum,6.995094966888428
7,austen,809,thompson,7.653347492218018
7,austen,809,dickens,6.80326000849406
7,austen,809,melville,7.40054980913798
7,austen,809,wells,7.034104585647583
7,austen,809,austen,5.1289942264556885
7,austen,809,fitzgerald,7.2263875007629395
7,austen,809,twain,7.263705033522386
7,austen,810,train,3.9918182373046873
7,austen,810,baum,6.989947319030762
7,austen,810,thompson,7.652499834696452
7,austen,810,dickens,6.80177100499471
7,austen,810,melville,7.392885684967041
7,austen,810,wells,7.024480183919271
7,austen,810,austen,5.120863342285157
7,austen,810,fitzgerald,7.217784361405806
7,austen,810,twain,7.253964460813082
7,austen,811,train,3.9473030090332033
7,austen,811,baum,6.988309669494629
7,austen,811,thompson,7.652642567952474
7,austen,811,dickens,6.797445005840725
7,austen,811,melville,7.390990257263184
7,austen,811,wells,7.020122528076172
7,austen,811,austen,5.118348455429077
7,austen,811,fitzgerald,7.218741460279985
7,austen,811,twain,7.250645417433518
7,austen,812,train,3.952042388916016
7,austen,812,baum,6.971343326568603
7,austen,812,thompson,7.6394584973653155
7,austen,812,dickens,6.788207583957249
7,austen,812,melville,7.374755620956421
7,austen,812,wells,7.009734948476155
7,austen,812,austen,5.116441965103149
7,austen,812,fitzgerald,7.207822973077947
7,austen,812,twain,7.242764619680551
7,austen,813,train,3.945713186264038
7,austen,813,baum,6.983376312255859
7,austen,813,thompson,7.640244325002034
7,austen,813,dickens,6.796776453653972
7,austen,813,melville,7.386476675669352
7,austen,813,wells,7.021781047185262
7,austen,813,austen,5.121998023986817
7,austen,813,fitzgerald,7.215883991935036
7,austen,813,twain,7.2485838669997
7,austen,814,train,3.937626314163208
7,austen,814,baum,6.987990379333496
7,austen,814,thompson,7.646597226460774
7,austen,814,dickens,6.797407097286648
7,austen,814,melville,7.38898229598999
7,austen,814,wells,7.022271712621053
7,austen,814,austen,5.117278051376343
7,austen,814,fitzgerald,7.221479892730713
7,austen,814,twain,7.2536406150231
7,austen,815,train,3.935579919815064
7,austen,815,baum,6.987841701507568
7,austen,815,thompson,7.657026290893555
7,austen,815,dickens,6.807133939531115
7,austen,815,melville,7.400847276051839
7,austen,815,wells,7.033135096232097
7,austen,815,austen,5.122670650482178
7,austen,815,fitzgerald,7.226853804154829
7,austen,815,twain,7.265079571650578
7,austen,816,train,3.930278587341309
7,austen,816,baum,6.979522800445556
7,austen,816,thompson,7.648300965627034
7,austen,816,dickens,6.799858093261719
7,austen,816,melville,7.380601326624553
7,austen,816,wells,7.01945686340332
7,austen,816,austen,5.125272989273071
7,austen,816,fitzgerald,7.2203803495927295
7,austen,816,twain,7.251726077153132
7,austen,817,train,3.970641422271728
7,austen,817,baum,6.976825428009033
7,austen,817,thompson,7.652781327565511
7,austen,817,dickens,6.798732386695014
7,austen,817,melville,7.384739240010579
7,austen,817,wells,7.016760508219401
7,austen,817,austen,5.119564294815064
7,austen,817,fitzgerald,7.219952366568825
7,austen,817,twain,7.248551772190974
7,austen,818,train,3.935735082626343
7,austen,818,baum,6.993668079376221
7,austen,818,thompson,7.6574201583862305
7,austen,818,dickens,6.805904891755846
7,austen,818,melville,7.403997977574666
7,austen,818,wells,7.03669269879659
7,austen,818,austen,5.119509553909301
7,austen,818,fitzgerald,7.231666911732066
7,austen,818,twain,7.265458987309382
7,austen,819,train,3.928927326202393
7,austen,819,baum,6.988898277282715
7,austen,819,thompson,7.648444811503093
7,austen,819,dickens,6.803346607420179
7,austen,819,melville,7.389606078465779
7,austen,819,wells,7.0261006355285645
7,austen,819,austen,5.127022933959961
7,austen,819,fitzgerald,7.221540017561479
7,austen,819,twain,7.259477285238413
7,austen,820,train,3.950981378555298
7,austen,820,baum,6.999686622619629
7,austen,820,thompson,7.665495236714681
7,austen,820,dickens,6.811348332299127
7,austen,820,melville,7.403995196024577
7,austen,820,wells,7.034763256708781
7,austen,820,austen,5.117791318893433
7,austen,820,fitzgerald,7.230093869295987
7,austen,820,twain,7.264493575462928
7,austen,821,train,3.9379297256469727
7,austen,821,baum,6.989212894439698
7,austen,821,thompson,7.656065464019775
7,austen,821,dickens,6.801287889480591
7,austen,821,melville,7.390173355738322
7,austen,821,wells,7.023679653803508
7,austen,821,austen,5.11751914024353
7,austen,821,fitzgerald,7.225186131217263
7,austen,821,twain,7.252404286311223
7,austen,822,train,3.9466448783874513
7,austen,822,baum,7.004858779907226
7,austen,822,thompson,7.669940153757731
7,austen,822,dickens,6.821299870808919
7,austen,822,melville,7.418385664621989
7,austen,822,wells,7.049216667811076
7,austen,822,austen,5.131070232391357
7,austen,822,fitzgerald,7.240738175132058
7,austen,822,twain,7.279588662661039
7,austen,823,train,3.933826112747192
7,austen,823,baum,6.996107292175293
7,austen,823,thompson,7.661100387573242
7,austen,823,dickens,6.812788645426433
7,austen,823,melville,7.406663656234741
7,austen,823,wells,7.038870334625244
7,austen,823,austen,5.1248680591583256
7,austen,823,fitzgerald,7.239807605743408
7,austen,823,twain,7.270835326268123
7,austen,824,train,3.893093204498291
7,austen,824,baum,6.994057464599609
7,austen,824,thompson,7.662683645884196
7,austen,824,dickens,6.80416923099094
7,austen,824,melville,7.386943499247233
7,austen,824,wells,7.025584697723389
7,austen,824,austen,5.116443061828614
7,austen,824,fitzgerald,7.231315526095304
7,austen,824,twain,7.255070796379676
7,austen,825,train,3.934937477111816
7,austen,825,baum,7.009282493591309
7,austen,825,thompson,7.670448144276936
7,austen,825,dickens,6.817265192667644
7,austen,825,melville,7.410997311274211
7,austen,825,wells,7.046147028605144
7,austen,825,austen,5.124234771728515
7,austen,825,fitzgerald,7.243376905267889
7,austen,825,twain,7.275178689223069
7,austen,826,train,3.8998602867126464
7,austen,826,baum,7.004722023010254
7,austen,826,thompson,7.655721346537272
7,austen,826,dickens,6.814424143897162
7,austen,826,melville,7.397709687550862
7,austen,826,wells,7.04088028271993
7,austen,826,austen,5.126384019851685
7,austen,826,fitzgerald,7.234419432553378
7,austen,826,twain,7.268772528721736
7,austen,827,train,3.907741451263428
7,austen,827,baum,7.0044145584106445
7,austen,827,thompson,7.666677792867024
7,austen,827,dickens,6.831152174207899
7,austen,827,melville,7.4172163009643555
7,austen,827,wells,7.05848224957784
7,austen,827,austen,5.133431482315063
7,austen,827,fitzgerald,7.242951002987948
7,austen,827,twain,7.28990099980281
7,austen,828,train,3.9369771480560303
7,austen,828,baum,7.012204360961914
7,austen,828,thompson,7.671882629394531
7,austen,828,dickens,6.824256181716919
7,austen,828,melville,7.420449495315552
7,austen,828,wells,7.055462598800659
7,austen,828,austen,5.120483160018921
7,austen,828,fitzgerald,7.250478484413841
7,austen,828,twain,7.285365104675293
7,austen,829,train,3.9474372386932375
7,austen,829,baum,7.0016683578491214
7,austen,829,thompson,7.666036764780681
7,austen,829,dickens,6.8174252774980335
7,austen,829,melville,7.404734929402669
7,austen,829,wells,7.041783809661865
7,austen,829,austen,5.1234032154083256
7,austen,829,fitzgerald,7.237127347425981
7,austen,829,twain,7.270718574523926
7,austen,830,train,3.9230463027954094
7,austen,830,baum,7.00987663269043
7,austen,830,thompson,7.671742757161458
7,austen,830,dickens,6.81917757458157
7,austen,830,melville,7.415155490239461
7,austen,830,wells,7.049761454264323
7,austen,830,austen,5.1267036437988285
7,austen,830,fitzgerald,7.2447356744246045
7,austen,830,twain,7.274690848130446
7,austen,831,train,3.941698169708252
7,austen,831,baum,7.0108660697937015
7,austen,831,thompson,7.673714160919189
7,austen,831,dickens,6.816851642396715
7,austen,831,melville,7.417814016342163
7,austen,831,wells,7.053888559341431
7,austen,831,austen,5.121632289886475
7,austen,831,fitzgerald,7.25042724609375
7,austen,831,twain,7.282423606285682
7,austen,832,train,3.948578500747681
7,austen,832,baum,6.997379875183105
7,austen,832,thompson,7.659391721089681
7,austen,832,dickens,6.809852812025282
7,austen,832,melville,7.399888833363851
7,austen,832,wells,7.036189079284668
7,austen,832,austen,5.125126743316651
7,austen,832,fitzgerald,7.235344323244962
7,austen,832,twain,7.266903657179612
7,austen,833,train,3.9188294410705566
7,austen,833,baum,7.013841819763184
7,austen,833,thompson,7.686235745747884
7,austen,833,dickens,6.827679501639472
7,austen,833,melville,7.428602854410808
7,austen,833,wells,7.056375503540039
7,austen,833,austen,5.125408411026001
7,austen,833,fitzgerald,7.250907984646884
7,austen,833,twain,7.287530862368071
7,austen,834,train,3.928937721252441
7,austen,834,baum,7.016734218597412
7,austen,834,thompson,7.682241121927897
7,austen,834,dickens,6.821443372302586
7,austen,834,melville,7.417097250620524
7,austen,834,wells,7.048673788706462
7,austen,834,austen,5.126643466949463
7,austen,834,fitzgerald,7.246034362099388
7,austen,834,twain,7.2788836772625265
7,austen,835,train,3.914158725738525
7,austen,835,baum,7.015627002716064
7,austen,835,thompson,7.682230631510417
7,austen,835,dickens,6.8197793165842695
7,austen,835,melville,7.413959662119548
7,austen,835,wells,7.044202884038289
7,austen,835,austen,5.12451434135437
7,austen,835,fitzgerald,7.2470292178067295
7,austen,835,twain,7.275365792787992
7,austen,836,train,3.8995525360107424
7,austen,836,baum,7.0127157211303714
7,austen,836,thompson,7.682599544525146
7,austen,836,dickens,6.831894583172268
7,austen,836,melville,7.414339939753215
7,austen,836,wells,7.050595760345459
7,austen,836,austen,5.127429676055908
7,austen,836,fitzgerald,7.245856285095215
7,austen,836,twain,7.281757171337421
7,austen,837,train,3.8847129344940186
7,austen,837,baum,7.02260274887085
7,austen,837,thompson,7.683451811472575
7,austen,837,dickens,6.826965279049343
7,austen,837,melville,7.420017560323079
7,austen,837,wells,7.053325732549031
7,austen,837,austen,5.127745962142944
7,austen,837,fitzgerald,7.252654465762052
7,austen,837,twain,7.280037072988657
7,austen,838,train,3.892456102371216
7,austen,838,baum,7.001221656799316
7,austen,838,thompson,7.662367661794026
7,austen,838,dickens,6.807733244366116
7,austen,838,melville,7.393205245335896
7,austen,838,wells,7.029425700505574
7,austen,838,austen,5.122563600540161
7,austen,838,fitzgerald,7.235880504954945
7,austen,838,twain,7.257338670583872
7,austen,839,train,3.9297153472900392
7,austen,839,baum,7.015992546081543
7,austen,839,thompson,7.684600671132405
7,austen,839,dickens,6.8238247235616045
7,austen,839,melville,7.419890801111857
7,austen,839,wells,7.054526408513387
7,austen,839,austen,5.125165033340454
7,austen,839,fitzgerald,7.254946621981534
7,austen,839,twain,7.283304984752949
7,austen,840,train,3.905253791809082
7,austen,840,baum,7.034496307373047
7,austen,840,thompson,7.699395338694255
7,austen,840,dickens,6.8397120634714765
7,austen,840,melville,7.433322032292684
7,austen,840,wells,7.071164131164551
7,austen,840,austen,5.133694887161255
7,austen,840,fitzgerald,7.26194581118497
7,austen,840,twain,7.299335222977858
7,austen,841,train,3.9153622150421135
7,austen,841,baum,7.014962005615234
7,austen,841,thompson,7.6760945320129395
7,austen,841,dickens,6.826664924621582
7,austen,841,melville,7.41603406270345
7,austen,841,wells,7.052685658137004
7,austen,841,austen,5.128248786926269
7,austen,841,fitzgerald,7.2463625994595615
7,austen,841,twain,7.282013929807222
7,austen,842,train,3.88355131149292
7,austen,842,baum,7.020830535888672
7,austen,842,thompson,7.687608083089192
7,austen,842,dickens,6.831515100267199
7,austen,842,melville,7.422482093175252
7,austen,842,wells,7.060213724772136
7,austen,842,austen,5.126098918914795
7,austen,842,fitzgerald,7.254379966042259
7,austen,842,twain,7.286900190206675
7,austen,843,train,3.893832778930664
7,austen,843,baum,7.03472204208374
7,austen,843,thompson,7.694243590037028
7,austen,843,dickens,6.839554442299737
7,austen,843,melville,7.430757284164429
7,austen,843,wells,7.074493885040283
7,austen,843,austen,5.131960344314575
7,austen,843,fitzgerald,7.267719312147661
7,austen,843,twain,7.300332913031945
7,austen,844,train,3.886578416824341
7,austen,844,baum,7.010513496398926
7,austen,844,thompson,7.684211254119873
7,austen,844,dickens,6.831592506832546
7,austen,844,melville,7.416419665018718
7,austen,844,wells,7.054122447967529
7,austen,844,austen,5.128953695297241
7,austen,844,fitzgerald,7.251087622209028
7,austen,844,twain,7.282656632936918
7,austen,845,train,3.888414859771729
7,austen,845,baum,7.031353855133057
7,austen,845,thompson,7.694454352060954
7,austen,845,dickens,6.843839486440023
7,austen,845,melville,7.4296080271403
7,austen,845,wells,7.074337879816691
7,austen,845,austen,5.13732123374939
7,austen,845,fitzgerald,7.268996888940984
7,austen,845,twain,7.30467125085684
7,austen,846,train,3.905242681503296
7,austen,846,baum,7.033776760101318
7,austen,846,thompson,7.699632485707601
7,austen,846,dickens,6.842852883868748
7,austen,846,melville,7.436042706171672
7,austen,846,wells,7.068069299062093
7,austen,846,austen,5.134002637863159
7,austen,846,fitzgerald,7.2682343829761855
7,austen,846,twain,7.299628111032339
7,austen,847,train,3.93183708190918
7,austen,847,baum,7.030142498016358
7,austen,847,thompson,7.696426232655843
7,austen,847,dickens,6.839700433943007
7,austen,847,melville,7.425294399261475
7,austen,847,wells,7.062984863917033
7,austen,847,austen,5.130830478668213
7,austen,847,fitzgerald,7.263539444316517
7,austen,847,twain,7.295318603515625
7,austen,848,train,3.888350534439087
7,austen,848,baum,7.017800903320312
7,austen,848,thompson,7.684317906697591
7,austen,848,dickens,6.833736075295342
7,austen,848,melville,7.41689133644104
7,austen,848,wells,7.051703214645386
7,austen,848,austen,5.129841327667236
7,austen,848,fitzgerald,7.254236871545965
7,austen,848,twain,7.284555985377385
7,austen,849,train,3.862604904174805
7,austen,849,baum,7.028583717346192
7,austen,849,thompson,7.698602199554443
7,austen,849,dickens,6.842773569954766
7,austen,849,melville,7.427889982859294
7,austen,849,wells,7.067875146865845
7,austen,849,austen,5.133345460891723
7,austen,849,fitzgerald,7.266470085490834
7,austen,849,twain,7.300024326031025
7,austen,850,train,3.834798717498779
7,austen,850,baum,7.019384384155273
7,austen,850,thompson,7.690623919169108
7,austen,850,dickens,6.833437548743354
7,austen,850,melville,7.422540426254272
7,austen,850,wells,7.058743476867676
7,austen,850,austen,5.133174133300781
7,austen,850,fitzgerald,7.261407028545033
7,austen,850,twain,7.292623556577242
7,austen,851,train,3.920400094985962
7,austen,851,baum,7.039345645904541
7,austen,851,thompson,7.712651093800862
7,austen,851,dickens,6.849799050225152
7,austen,851,melville,7.44274115562439
7,austen,851,wells,7.076040665308635
7,austen,851,austen,5.129212522506714
7,austen,851,fitzgerald,7.274118163368919
7,austen,851,twain,7.311836242675781
7,austen,852,train,3.929987573623657
7,austen,852,baum,7.0151780128479
7,austen,852,thompson,7.684504508972168
7,austen,852,dickens,6.822973436779446
7,austen,852,melville,7.40883207321167
7,austen,852,wells,7.044610579808553
7,austen,852,austen,5.126330232620239
7,austen,852,fitzgerald,7.246084560047496
7,austen,852,twain,7.271185764899621
7,austen,853,train,3.8976325035095214
7,austen,853,baum,7.032646560668946
7,austen,853,thompson,7.708099524180095
7,austen,853,dickens,6.851237456003825
7,austen,853,melville,7.442519187927246
7,austen,853,wells,7.079464673995972
7,austen,853,austen,5.139065217971802
7,austen,853,fitzgerald,7.269522276791659
7,austen,853,twain,7.310267961942232
7,austen,854,train,3.911051607131958
7,austen,854,baum,7.028697109222412
7,austen,854,thompson,7.698754628499349
7,austen,854,dickens,6.83523522482978
7,austen,854,melville,7.429527759552002
7,austen,854,wells,7.062723318735759
7,austen,854,austen,5.127550268173218
7,austen,854,fitzgerald,7.265405958349055
7,austen,854,twain,7.292722335228553
7,austen,855,train,3.8678727626800535
7,austen,855,baum,7.033887577056885
7,austen,855,thompson,7.706930637359619
7,austen,855,dickens,6.848971340391371
7,austen,855,melville,7.440108140309651
7,austen,855,wells,7.075935920079549
7,austen,855,austen,5.130774307250976
7,austen,855,fitzgerald,7.273080782456831
7,austen,855,twain,7.303924340468186
7,austen,856,train,3.882843637466431
7,austen,856,baum,7.032467937469482
7,austen,856,thompson,7.7021786371866865
7,austen,856,dickens,6.8455149332682295
7,austen,856,melville,7.427751620610555
7,austen,856,wells,7.069108088811238
7,austen,856,austen,5.133648443222046
7,austen,856,fitzgerald,7.272374023090709
7,austen,856,twain,7.29821018072275
7,austen,857,train,3.900797653198242
7,austen,857,baum,7.026193237304687
7,austen,857,thompson,7.702691237131755
7,austen,857,dickens,6.847467263539632
7,austen,857,melville,7.435393889745076
7,austen,857,wells,7.068568070729573
7,austen,857,austen,5.137767267227173
7,austen,857,fitzgerald,7.267685716802424
7,austen,857,twain,7.299889637873723
7,austen,858,train,3.898731660842896
7,austen,858,baum,7.036157131195068
7,austen,858,thompson,7.7040205001831055
7,austen,858,dickens,6.838469584782918
7,austen,858,melville,7.436383803685506
7,austen,858,wells,7.068565130233765
7,austen,858,austen,5.130211114883423
7,austen,858,fitzgerald,7.273531566966664
7,austen,858,twain,7.3019268696124735
7,austen,859,train,3.8945537567138673
7,austen,859,baum,7.034665489196778
7,austen,859,thompson,7.701674620310466
7,austen,859,dickens,6.841391245524089
7,austen,859,melville,7.431677341461182
7,austen,859,wells,7.068962494532268
7,austen,859,austen,5.13638277053833
7,austen,859,fitzgerald,7.26699837771329
7,austen,859,twain,7.301901633922871
7,austen,860,train,3.875194025039673
7,austen,860,baum,7.041660308837891
7,austen,860,thompson,7.713149388631185
7,austen,860,dickens,6.85705206129286
7,austen,860,melville,7.450215975443522
7,austen,860,wells,7.084190686543782
7,austen,860,austen,5.140253257751465
7,austen,860,fitzgerald,7.276932282881304
7,austen,860,twain,7.31614978496845
7,austen,861,train,3.888839721679688
7,austen,861,baum,7.044441509246826
7,austen,861,thompson,7.712059020996094
7,austen,861,dickens,6.844984584384495
7,austen,861,melville,7.441666682561238
7,austen,861,wells,7.075650215148926
7,austen,861,austen,5.131271457672119
7,austen,861,fitzgerald,7.275608582930132
7,austen,861,twain,7.303695825430063
7,austen,862,train,3.84951376914978
7,austen,862,baum,7.039889430999756
7,austen,862,thompson,7.70867395401001
7,austen,862,dickens,6.853502194086711
7,austen,862,melville,7.443476835886638
7,austen,862,wells,7.080749432245891
7,austen,862,austen,5.135823059082031
7,austen,862,fitzgerald,7.277307770468972
7,austen,862,twain,7.312222884251521
7,austen,863,train,3.8790937423706056
7,austen,863,baum,7.0365558624267575
7,austen,863,thompson,7.7228851318359375
7,austen,863,dickens,6.857322957780626
7,austen,863,melville,7.445162852605184
7,austen,863,wells,7.078959147135417
7,austen,863,austen,5.134341669082642
7,austen,863,fitzgerald,7.274300098419189
7,austen,863,twain,7.312872299781213
7,austen,864,train,3.904221963882448
7,austen,864,baum,7.059650516510009
7,austen,864,thompson,7.72293488184611
7,austen,864,dickens,6.860887103610569
7,austen,864,melville,7.4582436084747314
7,austen,864,wells,7.102222124735515
7,austen,864,austen,5.142953300476075
7,austen,864,fitzgerald,7.294146234338934
7,austen,864,twain,7.334063566648043
7,austen,865,train,3.885422611236572
7,austen,865,baum,7.050724124908447
7,austen,865,thompson,7.732095082600911
7,austen,865,dickens,6.856319162580702
7,austen,865,melville,7.449579318364461
7,austen,865,wells,7.087447961171468
7,austen,865,austen,5.131594467163086
7,austen,865,fitzgerald,7.284402457150546
7,austen,865,twain,7.3197808265686035
7,austen,866,train,3.869679260253906
7,austen,866,baum,7.062891864776612
7,austen,866,thompson,7.731329123179118
7,austen,866,dickens,6.870877928204006
7,austen,866,melville,7.47409200668335
7,austen,866,wells,7.10796332359314
7,austen,866,austen,5.142379856109619
7,austen,866,fitzgerald,7.298389868302778
7,austen,866,twain,7.3365552975581245
7,austen,867,train,3.856697511672974
7,austen,867,baum,7.057533359527588
7,austen,867,thompson,7.723134835561116
7,austen,867,dickens,6.85959333843655
7,austen,867,melville,7.45215090115865
7,austen,867,wells,7.095272779464722
7,austen,867,austen,5.13827223777771
7,austen,867,fitzgerald,7.288681160319935
7,austen,867,twain,7.326399363004244
7,austen,868,train,3.859833860397339
7,austen,868,baum,7.052833557128906
7,austen,868,thompson,7.725921789805095
7,austen,868,dickens,6.8626699977450905
7,austen,868,melville,7.456449906031291
7,austen,868,wells,7.095316410064697
7,austen,868,austen,5.13915696144104
7,austen,868,fitzgerald,7.289705840024081
7,austen,868,twain,7.323397196256197
7,austen,869,train,3.831879568099976
7,austen,869,baum,7.053761863708496
7,austen,869,thompson,7.724275588989258
7,austen,869,dickens,6.86125381787618
7,austen,869,melville,7.445130745569865
7,austen,869,wells,7.089046239852905
7,austen,869,austen,5.139020013809204
7,austen,869,fitzgerald,7.284137379039418
7,austen,869,twain,7.31724108182467
7,austen,870,train,3.881217384338379
7,austen,870,baum,7.057557582855225
7,austen,870,thompson,7.730459372202556
7,austen,870,dickens,6.865446858935886
7,austen,870,melville,7.465742031733195
7,austen,870,wells,7.103758096694946
7,austen,870,austen,5.144612407684326
7,austen,870,fitzgerald,7.293258060108531
7,austen,870,twain,7.335592820094182
7,austen,871,train,3.89608736038208
7,austen,871,baum,7.061494541168213
7,austen,871,thompson,7.721020221710205
7,austen,871,dickens,6.861789411968655
7,austen,871,melville,7.462945620218913
7,austen,871,wells,7.099460522333781
7,austen,871,austen,5.142078256607055
7,austen,871,fitzgerald,7.295281366868452
7,austen,871,twain,7.328235846299392
7,austen,872,train,3.867410230636597
7,austen,872,baum,7.050670051574707
7,austen,872,thompson,7.723204930623372
7,austen,872,dickens,6.861483335494995
7,austen,872,melville,7.453551848729451
7,austen,872,wells,7.091781377792358
7,austen,872,austen,5.138300466537475
7,austen,872,fitzgerald,7.28989332372492
7,austen,872,twain,7.323115312136137
7,austen,873,train,3.833860349655152
7,austen,873,baum,7.06579360961914
7,austen,873,thompson,7.739297231038411
7,austen,873,dickens,6.866559929317898
7,austen,873,melville,7.473625818888347
7,austen,873,wells,7.107468048731486
7,austen,873,austen,5.139030742645264
7,austen,873,fitzgerald,7.304629195820201
7,austen,873,twain,7.3392361127413235
7,austen,874,train,3.838748025894165
7,austen,874,baum,7.046900749206543
7,austen,874,thompson,7.71390438079834
7,austen,874,dickens,6.848814222547743
7,austen,874,melville,7.43273385365804
7,austen,874,wells,7.072986841201782
7,austen,874,austen,5.141207218170166
7,austen,874,fitzgerald,7.2807275598699395
7,austen,874,twain,7.301194264338567
7,austen,875,train,3.8587610721588135
7,austen,875,baum,7.073340606689453
7,austen,875,thompson,7.739433606465657
7,austen,875,dickens,6.8719105455610485
7,austen,875,melville,7.465813875198364
7,austen,875,wells,7.106079339981079
7,austen,875,austen,5.146096134185791
7,austen,875,fitzgerald,7.305265643379905
7,austen,875,twain,7.339301402752216
7,austen,876,train,3.855803060531616
7,austen,876,baum,7.04559907913208
7,austen,876,thompson,7.710770448048909
7,austen,876,dickens,6.855566501617432
7,austen,876,melville,7.443240483601888
7,austen,876,wells,7.08517336845398
7,austen,876,austen,5.145084428787231
7,austen,876,fitzgerald,7.280730204148726
7,austen,876,twain,7.315300427950346
7,austen,877,train,3.871069288253784
7,austen,877,baum,7.057150936126709
7,austen,877,thompson,7.726404031117757
7,austen,877,dickens,6.862187094158596
7,austen,877,melville,7.455708026885986
7,austen,877,wells,7.095932642618815
7,austen,877,austen,5.140872049331665
7,austen,877,fitzgerald,7.293126713145863
7,austen,877,twain,7.3257341751685505
7,austen,878,train,3.850478792190552
7,austen,878,baum,7.05374927520752
7,austen,878,thompson,7.725631554921468
7,austen,878,dickens,6.857565138075087
7,austen,878,melville,7.448179721832275
7,austen,878,wells,7.087639570236206
7,austen,878,austen,5.137752056121826
7,austen,878,fitzgerald,7.292295759374445
7,austen,878,twain,7.319952341226431
7,austen,879,train,3.832137537002564
7,austen,879,baum,7.046293640136719
7,austen,879,thompson,7.718196709950765
7,austen,879,dickens,6.856769429312812
7,austen,879,melville,7.441491047541301
7,austen,879,wells,7.088838815689087
7,austen,879,austen,5.148514699935913
7,austen,879,fitzgerald,7.2817818034778945
7,austen,879,twain,7.314574241638184
7,austen,880,train,3.856004762649536
7,austen,880,baum,7.054698944091797
7,austen,880,thompson,7.731310526529948
7,austen,880,dickens,6.862388319439358
7,austen,880,melville,7.458925326665242
7,austen,880,wells,7.096289873123169
7,austen,880,austen,5.14307746887207
7,austen,880,fitzgerald,7.292083436792547
7,austen,880,twain,7.323790183434119
7,austen,881,train,3.8404634475708006
7,austen,881,baum,7.055329895019531
7,austen,881,thompson,7.71934715906779
7,austen,881,dickens,6.850745836893718
7,austen,881,melville,7.440455198287964
7,austen,881,wells,7.086262385050456
7,austen,881,austen,5.140846538543701
7,austen,881,fitzgerald,7.291411009701815
7,austen,881,twain,7.31191272002
7,austen,882,train,3.877710676193237
7,austen,882,baum,7.048462390899658
7,austen,882,thompson,7.727955341339111
7,austen,882,dickens,6.8583183023664684
7,austen,882,melville,7.446635802586873
7,austen,882,wells,7.081139961878459
7,austen,882,austen,5.141073894500733
7,austen,882,fitzgerald,7.284698486328125
7,austen,882,twain,7.309070220360389
7,austen,883,train,3.840242862701416
7,austen,883,baum,7.062338924407959
7,austen,883,thompson,7.727511088053386
7,austen,883,dickens,6.87252598338657
7,austen,883,melville,7.46523133913676
7,austen,883,wells,7.106492360432942
7,austen,883,austen,5.151279211044312
7,austen,883,fitzgerald,7.302133213390004
7,austen,883,twain,7.33432938502385
7,austen,884,train,3.838543128967285
7,austen,884,baum,7.055716800689697
7,austen,884,thompson,7.731731573740642
7,austen,884,dickens,6.870842244890001
7,austen,884,melville,7.465524991353353
7,austen,884,wells,7.10412335395813
7,austen,884,austen,5.146537590026855
7,austen,884,fitzgerald,7.30066967010498
7,austen,884,twain,7.335474747877854
7,austen,885,train,3.83255615234375
7,austen,885,baum,7.069229698181152
7,austen,885,thompson,7.743207772572835
7,austen,885,dickens,6.875198708640204
7,austen,885,melville,7.47579288482666
7,austen,885,wells,7.112478017807007
7,austen,885,austen,5.144575786590576
7,austen,885,fitzgerald,7.313370574604381
7,austen,885,twain,7.343928483816294
7,austen,886,train,3.87270073890686
7,austen,886,baum,7.066209506988526
7,austen,886,thompson,7.747388044993083
7,austen,886,dickens,6.870342122183906
7,austen,886,melville,7.463832537333171
7,austen,886,wells,7.101763168970744
7,austen,886,austen,5.140475797653198
7,austen,886,fitzgerald,7.306533640081232
7,austen,886,twain,7.331266806675837
7,austen,887,train,3.846438407897949
7,austen,887,baum,7.080517196655274
7,austen,887,thompson,7.74939473470052
7,austen,887,dickens,6.887756930457221
7,austen,887,melville,7.479085922241211
7,austen,887,wells,7.11978546778361
7,austen,887,austen,5.157054233551025
7,austen,887,fitzgerald,7.309259111231023
7,austen,887,twain,7.350598481985239
7,austen,888,train,3.811368751525879
7,austen,888,baum,7.05587797164917
7,austen,888,thompson,7.7227403322855634
7,austen,888,dickens,6.866760200924343
7,austen,888,melville,7.4587399164835615
7,austen,888,wells,7.100345691045125
7,austen,888,austen,5.150056934356689
7,austen,888,fitzgerald,7.298469673503529
7,austen,888,twain,7.3306558682368355
7,austen,889,train,3.843736124038697
7,austen,889,baum,7.082785511016846
7,austen,889,thompson,7.758510271708171
7,austen,889,dickens,6.890626589457194
7,austen,889,melville,7.493516047795613
7,austen,889,wells,7.129850546518962
7,austen,889,austen,5.139047908782959
7,austen,889,fitzgerald,7.327944105321711
7,austen,889,twain,7.363594898810754
7,austen,890,train,3.801346731185913
7,austen,890,baum,7.069737529754638
7,austen,890,thompson,7.746226946512858
7,austen,890,dickens,6.889011224110921
7,austen,890,melville,7.476693312327067
7,austen,890,wells,7.115676085154216
7,austen,890,austen,5.152065420150757
7,austen,890,fitzgerald,7.308342760259455
7,austen,890,twain,7.347083458533654
7,austen,891,train,3.8334967136383056
7,austen,891,baum,7.074550724029541
7,austen,891,thompson,7.742361068725586
7,austen,891,dickens,6.875559568405151
7,austen,891,melville,7.46669324239095
7,austen,891,wells,7.109889507293701
7,austen,891,austen,5.150641870498657
7,austen,891,fitzgerald,7.31083531813188
7,austen,891,twain,7.340397211221548
7,austen,892,train,3.83888463973999
7,austen,892,baum,7.067190551757813
7,austen,892,thompson,7.740808010101318
7,austen,892,dickens,6.874580648210314
7,austen,892,melville,7.463873942693074
7,austen,892,wells,7.107267141342163
7,austen,892,austen,5.138516569137574
7,austen,892,fitzgerald,7.305312980305064
7,austen,892,twain,7.337230975811298
7,austen,893,train,3.8178916454315184
7,austen,893,baum,7.082390117645264
7,austen,893,thompson,7.752119382222493
7,austen,893,dickens,6.8862008518642845
7,austen,893,melville,7.485324303309123
7,austen,893,wells,7.121740579605103
7,austen,893,austen,5.147570419311523
7,austen,893,fitzgerald,7.3204146731983535
7,austen,893,twain,7.354184774252085
7,austen,894,train,3.810473108291626
7,austen,894,baum,7.076048564910889
7,austen,894,thompson,7.748899618784587
7,austen,894,dickens,6.8749159177144366
7,austen,894,melville,7.467349370320638
7,austen,894,wells,7.105263789494832
7,austen,894,austen,5.144935369491577
7,austen,894,fitzgerald,7.309538234363902
7,austen,894,twain,7.335758796105018
7,austen,895,train,3.802815771102906
7,austen,895,baum,7.0857078552246096
7,austen,895,thompson,7.771596272786458
7,austen,895,dickens,6.898270421557957
7,austen,895,melville,7.501413345336914
7,austen,895,wells,7.1333387692769366
7,austen,895,austen,5.1512407779693605
7,austen,895,fitzgerald,7.3309385559775615
7,austen,895,twain,7.37384664095365
7,austen,896,train,3.8044577121734617
7,austen,896,baum,7.061641597747803
7,austen,896,thompson,7.736281712849935
7,austen,896,dickens,6.866190804375543
7,austen,896,melville,7.462494452794393
7,austen,896,wells,7.095827102661133
7,austen,896,austen,5.14155912399292
7,austen,896,fitzgerald,7.304029074582186
7,austen,896,twain,7.323598861694336
7,austen,897,train,3.8068663597106935
7,austen,897,baum,7.088024616241455
7,austen,897,thompson,7.758857568105061
7,austen,897,dickens,6.899014737870958
7,austen,897,melville,7.489531596501668
7,austen,897,wells,7.132888634999593
7,austen,897,austen,5.153149795532227
7,austen,897,fitzgerald,7.329417098652232
7,austen,897,twain,7.370473054739145
7,austen,898,train,3.814522123336792
7,austen,898,baum,7.064264678955079
7,austen,898,thompson,7.747190793355306
7,austen,898,dickens,6.88520950741238
7,austen,898,melville,7.4745399951934814
7,austen,898,wells,7.110670725504558
7,austen,898,austen,5.144814300537109
7,austen,898,fitzgerald,7.312998121434992
7,austen,898,twain,7.345650489513691
7,austen,899,train,3.8107884883880616
7,austen,899,baum,7.081306457519531
7,austen,899,thompson,7.762119928995768
7,austen,899,dickens,6.899639553493923
7,austen,899,melville,7.495601097742717
7,austen,899,wells,7.137303511301677
7,austen,899,austen,5.14808759689331
7,austen,899,fitzgerald,7.330107818950307
7,austen,899,twain,7.372921283428486
7,austen,900,train,3.799780225753784
7,austen,900,baum,7.069017028808593
7,austen,900,thompson,7.736381530761719
7,austen,900,dickens,6.880466434690687
7,austen,900,melville,7.457588116327922
7,austen,900,wells,7.102031389872233
7,austen,900,austen,5.148641395568848
7,austen,900,fitzgerald,7.300894780592485
7,austen,900,twain,7.331997504601111
7,austen,901,train,3.84681921005249
7,austen,901,baum,7.088770961761474
7,austen,901,thompson,7.755427678426106
7,austen,901,dickens,6.898860057195027
7,austen,901,melville,7.490374803543091
7,austen,901,wells,7.127703110376994
7,austen,901,austen,5.152752351760864
7,austen,901,fitzgerald,7.324688391251997
7,austen,901,twain,7.361778552715595
7,austen,902,train,3.788896608352661
7,austen,902,baum,7.081464862823486
7,austen,902,thompson,7.746267318725586
7,austen,902,dickens,6.884134584003025
7,austen,902,melville,7.479032119115193
7,austen,902,wells,7.115671952565511
7,austen,902,austen,5.147889947891235
7,austen,902,fitzgerald,7.320879329334605
7,austen,902,twain,7.346494307884803
7,austen,903,train,3.806726598739624
7,austen,903,baum,7.089162921905517
7,austen,903,thompson,7.762384414672852
7,austen,903,dickens,6.898376915189955
7,austen,903,melville,7.491230726242065
7,austen,903,wells,7.13280447324117
7,austen,903,austen,5.155223751068116
7,austen,903,fitzgerald,7.324478929693049
7,austen,903,twain,7.362280882321871
7,austen,904,train,3.806014823913574
7,austen,904,baum,7.077133274078369
7,austen,904,thompson,7.749687671661377
7,austen,904,dickens,6.884281582302517
7,austen,904,melville,7.471453269322713
7,austen,904,wells,7.114275773366292
7,austen,904,austen,5.145314264297485
7,austen,904,fitzgerald,7.315537366000089
7,austen,904,twain,7.346146106719971
7,austen,905,train,3.80478892326355
7,austen,905,baum,7.1087909698486325
7,austen,905,thompson,7.794097264607747
7,austen,905,dickens,6.917814864052667
7,austen,905,melville,7.519061962763469
7,austen,905,wells,7.151355028152466
7,austen,905,austen,5.152429628372192
7,austen,905,fitzgerald,7.347983360290527
7,austen,905,twain,7.385143903585581
7,austen,906,train,3.798489904403687
7,austen,906,baum,7.0897955894470215
7,austen,906,thompson,7.765979607899983
7,austen,906,dickens,6.90632160504659
7,austen,906,melville,7.49873423576355
7,austen,906,wells,7.143977642059326
7,austen,906,austen,5.155757713317871
7,austen,906,fitzgerald,7.334584019400856
7,austen,906,twain,7.375843671651987
7,austen,907,train,3.81860556602478
7,austen,907,baum,7.0885396003723145
7,austen,907,thompson,7.775764147440593
7,austen,907,dickens,6.901699225107829
7,austen,907,melville,7.492275238037109
7,austen,907,wells,7.131051937739055
7,austen,907,austen,5.148631429672241
7,austen,907,fitzgerald,7.331641717390581
7,austen,907,twain,7.362353214850793
7,austen,908,train,3.785086488723755
7,austen,908,baum,7.095779609680176
7,austen,908,thompson,7.770162423451741
7,austen,908,dickens,6.909298049079047
7,austen,908,melville,7.498130400975545
7,austen,908,wells,7.142814159393311
7,austen,908,austen,5.156568288803101
7,austen,908,fitzgerald,7.341483939777721
7,austen,908,twain,7.3756728905897875
7,austen,909,train,3.792725992202759
7,austen,909,baum,7.089064311981201
7,austen,909,thompson,7.760544776916504
7,austen,909,dickens,6.8879350026448565
7,austen,909,melville,7.478131294250488
7,austen,909,wells,7.114696661631267
7,austen,909,austen,5.151162242889404
7,austen,909,fitzgerald,7.321504159407183
7,austen,909,twain,7.346692378704365
7,austen,910,train,3.7910099029541016
7,austen,910,baum,7.093107414245606
7,austen,910,thompson,7.776882648468018
7,austen,910,dickens,6.902467091878255
7,austen,910,melville,7.495850563049316
7,austen,910,wells,7.135117371877034
7,austen,910,austen,5.1518909454345705
7,austen,910,fitzgerald,7.338557330044833
7,austen,910,twain,7.36873274583083
7,austen,911,train,3.792046070098877
7,austen,911,baum,7.096519947052002
7,austen,911,thompson,7.771968046824138
7,austen,911,dickens,6.901698933707343
7,austen,911,melville,7.492995897928874
7,austen,911,wells,7.13237738609314
7,austen,911,austen,5.149909210205078
7,austen,911,fitzgerald,7.335956530137495
7,austen,911,twain,7.368700394263635
7,austen,912,train,3.791257762908936
7,austen,912,baum,7.098353862762451
7,austen,912,thompson,7.773146788279216
7,austen,912,dickens,6.907692352930705
7,austen,912,melville,7.493197361628215
7,austen,912,wells,7.134568452835083
7,austen,912,austen,5.151217031478882
7,austen,912,fitzgerald,7.339950734918768
7,austen,912,twain,7.374268825237568
7,austen,913,train,3.77132740020752
7,austen,913,baum,7.076455783843994
7,austen,913,thompson,7.756332238515218
7,austen,913,dickens,6.889360004001194
7,austen,913,melville,7.466355482737224
7,austen,913,wells,7.116131226221721
7,austen,913,austen,5.149256467819214
7,austen,913,fitzgerald,7.322127298875288
7,austen,913,twain,7.350011091965896
7,austen,914,train,3.833265352249145
7,austen,914,baum,7.101942348480224
7,austen,914,thompson,7.774940013885498
7,austen,914,dickens,6.910862366358439
7,austen,914,melville,7.506400505701701
7,austen,914,wells,7.146269083023071
7,austen,914,austen,5.161886882781983
7,austen,914,fitzgerald,7.344481121410023
7,austen,914,twain,7.378364709707407
7,austen,915,train,3.796164846420288
7,austen,915,baum,7.110483932495117
7,austen,915,thompson,7.789962291717529
7,austen,915,dickens,6.919238805770874
7,austen,915,melville,7.518459002176921
7,austen,915,wells,7.153481324513753
7,austen,915,austen,5.158739757537842
7,austen,915,fitzgerald,7.354355551979759
7,austen,915,twain,7.392392011789175
7,austen,916,train,3.802666902542114
7,austen,916,baum,7.090907669067383
7,austen,916,thompson,7.782394727071126
7,austen,916,dickens,6.90435004234314
7,austen,916,melville,7.491046190261841
7,austen,916,wells,7.130368709564209
7,austen,916,austen,5.150148677825928
7,austen,916,fitzgerald,7.333636197176847
7,austen,916,twain,7.366936683654785
7,austen,917,train,3.809905338287353
7,austen,917,baum,7.09089412689209
7,austen,917,thompson,7.771791776021321
7,austen,917,dickens,6.903242349624634
7,austen,917,melville,7.489226897557576
7,austen,917,wells,7.133177280426025
7,austen,917,austen,5.149831008911133
7,austen,917,fitzgerald,7.338214657523415
7,austen,917,twain,7.362888042743389
7,austen,918,train,3.7791223526000977
7,austen,918,baum,7.0770293235778805
7,austen,918,thompson,7.763558546702067
7,austen,918,dickens,6.901888900332981
7,austen,918,melville,7.481842676798503
7,austen,918,wells,7.123361269632976
7,austen,918,austen,5.14928035736084
7,austen,918,fitzgerald,7.325807701457631
7,austen,918,twain,7.357091830326961
7,austen,919,train,3.7713051319122313
7,austen,919,baum,7.110604381561279
7,austen,919,thompson,7.790992259979248
7,austen,919,dickens,6.920190890630086
7,austen,919,melville,7.519781907399495
7,austen,919,wells,7.157436529795329
7,austen,919,austen,5.151470422744751
7,austen,919,fitzgerald,7.356794747439298
7,austen,919,twain,7.392825016608605
7,austen,920,train,3.770112705230713
7,austen,920,baum,7.1035130500793455
7,austen,920,thompson,7.783384323120117
7,austen,920,dickens,6.910040007697211
7,austen,920,melville,7.4948356946309405
7,austen,920,wells,7.140912135442098
7,austen,920,austen,5.152925205230713
7,austen,920,fitzgerald,7.343050046400591
7,austen,920,twain,7.374881817744328
7,austen,921,train,3.769332408905029
7,austen,921,baum,7.101479244232178
7,austen,921,thompson,7.778464476267497
7,austen,921,dickens,6.90234981642829
7,austen,921,melville,7.500667492548625
7,austen,921,wells,7.137942393620809
7,austen,921,austen,5.1549896717071535
7,austen,921,fitzgerald,7.344329227100719
7,austen,921,twain,7.367810542766865
7,austen,922,train,3.801881790161133
7,austen,922,baum,7.099294757843017
7,austen,922,thompson,7.782939275105794
7,austen,922,dickens,6.911757310231526
7,austen,922,melville,7.504086335500081
7,austen,922,wells,7.1478800773620605
7,austen,922,austen,5.159550380706787
7,austen,922,fitzgerald,7.341861204667524
7,austen,922,twain,7.379322198721079
7,austen,923,train,3.771542739868164
7,austen,923,baum,7.098724365234375
7,austen,923,thompson,7.778651714324951
7,austen,923,dickens,6.910908804999457
7,austen,923,melville,7.509391228357951
7,austen,923,wells,7.147596041361491
7,austen,923,austen,5.154176235198975
7,austen,923,fitzgerald,7.349523891102184
7,austen,923,twain,7.383561721214881
7,austen,924,train,3.736469411849976
7,austen,924,baum,7.104929256439209
7,austen,924,thompson,7.78511905670166
7,austen,924,dickens,6.912263102001614
7,austen,924,melville,7.507361094156901
7,austen,924,wells,7.144571145375569
7,austen,924,austen,5.157698774337769
7,austen,924,fitzgerald,7.350982969457453
7,austen,924,twain,7.380450432117168
7,austen,925,train,3.766176080703736
7,austen,925,baum,7.095611190795898
7,austen,925,thompson,7.7745334307352705
7,austen,925,dickens,6.910843557781643
7,austen,925,melville,7.498450040817261
7,austen,925,wells,7.136894305547078
7,austen,925,austen,5.156891536712647
7,austen,925,fitzgerald,7.341721231287176
7,austen,925,twain,7.374933792994573
7,austen,926,train,3.79530930519104
7,austen,926,baum,7.095440292358399
7,austen,926,thompson,7.774748007456462
7,austen,926,dickens,6.905422422620985
7,austen,926,melville,7.50119415918986
7,austen,926,wells,7.140712181727092
7,austen,926,austen,5.15453200340271
7,austen,926,fitzgerald,7.34603890505704
7,austen,926,twain,7.375862451700064
7,austen,927,train,3.7972442150115966
7,austen,927,baum,7.109155082702637
7,austen,927,thompson,7.798793951670329
7,austen,927,dickens,6.917161623636882
7,austen,927,melville,7.515002012252808
7,austen,927,wells,7.150844732920329
7,austen,927,austen,5.15704927444458
7,austen,927,fitzgerald,7.354046951640736
7,austen,927,twain,7.388883700737586
7,austen,928,train,3.762833023071289
7,austen,928,baum,7.097767066955567
7,austen,928,thompson,7.778217633565267
7,austen,928,dickens,6.904407660166423
7,austen,928,melville,7.4978688557942705
7,austen,928,wells,7.135064045588176
7,austen,928,austen,5.154882860183716
7,austen,928,fitzgerald,7.342878558418968
7,austen,928,twain,7.364956782414363
7,austen,929,train,3.809494972229004
7,austen,929,baum,7.104963111877441
7,austen,929,thompson,7.790462493896484
7,austen,929,dickens,6.912255816989475
7,austen,929,melville,7.504324436187744
7,austen,929,wells,7.142930428187053
7,austen,929,austen,5.158422756195068
7,austen,929,fitzgerald,7.34669828414917
7,austen,929,twain,7.375333712651179
7,austen,930,train,3.779491329193115
7,austen,930,baum,7.090103340148926
7,austen,930,thompson,7.782902399698893
7,austen,930,dickens,6.907601833343506
7,austen,930,melville,7.497056484222412
7,austen,930,wells,7.137415170669556
7,austen,930,austen,5.151936340332031
7,austen,930,fitzgerald,7.345741228623823
7,austen,930,twain,7.372493780576265
7,austen,931,train,3.791857957839966
7,austen,931,baum,7.094401264190674
7,austen,931,thompson,7.774578094482422
7,austen,931,dickens,6.907822847366333
7,austen,931,melville,7.496839284896851
7,austen,931,wells,7.134825785954793
7,austen,931,austen,5.156835126876831
7,austen,931,fitzgerald,7.341001684015447
7,austen,931,twain,7.365711248837984
7,austen,932,train,3.7487033367156974
7,austen,932,baum,7.117434883117676
7,austen,932,thompson,7.795306205749512
7,austen,932,dickens,6.926685863071018
7,austen,932,melville,7.523252010345459
7,austen,932,wells,7.160476287206014
7,austen,932,austen,5.157253313064575
7,austen,932,fitzgerald,7.363566745411266
7,austen,932,twain,7.393398945148174
7,austen,933,train,3.7576099395751954
7,austen,933,baum,7.104460430145264
7,austen,933,thompson,7.769606272379558
7,austen,933,dickens,6.911031537585789
7,austen,933,melville,7.490848064422607
7,austen,933,wells,7.1376973787943525
7,austen,933,austen,5.160741949081421
7,austen,933,fitzgerald,7.343178922479803
7,austen,933,twain,7.368428853841928
7,austen,934,train,3.7531723022460937
7,austen,934,baum,7.106317043304443
7,austen,934,thompson,7.780517578125
7,austen,934,dickens,6.914074818293254
7,austen,934,melville,7.496533234914144
7,austen,934,wells,7.140892028808594
7,austen,934,austen,5.165512990951538
7,austen,934,fitzgerald,7.345209381797097
7,austen,934,twain,7.371544397794283
7,austen,935,train,3.772077846527099
7,austen,935,baum,7.140809440612793
7,austen,935,thompson,7.81933577855428
7,austen,935,dickens,6.941969288720025
7,austen,935,melville,7.534678777058919
7,austen,935,wells,7.18705153465271
7,austen,935,austen,5.167516756057739
7,austen,935,fitzgerald,7.387765711004084
7,austen,935,twain,7.41833312694843
7,austen,936,train,3.753165626525879
7,austen,936,baum,7.111349964141846
7,austen,936,thompson,7.795783360799153
7,austen,936,dickens,6.919279019037883
7,austen,936,melville,7.50046181678772
7,austen,936,wells,7.150083780288696
7,austen,936,austen,5.1538440704345705
7,austen,936,fitzgerald,7.356836925853383
7,austen,936,twain,7.378445808704082
7,austen,937,train,3.748677492141724
7,austen,937,baum,7.136074542999268
7,austen,937,thompson,7.821495215098063
7,austen,937,dickens,6.945012489954631
7,austen,937,melville,7.533238410949707
7,austen,937,wells,7.181739886601766
7,austen,937,austen,5.170302534103394
7,austen,937,fitzgerald,7.377789150584828
7,austen,937,twain,7.416986245375413
7,austen,938,train,3.747554683685303
7,austen,938,baum,7.117234134674073
7,austen,938,thompson,7.804132461547852
7,austen,938,dickens,6.926865047878689
7,austen,938,melville,7.510449647903442
7,austen,938,wells,7.16161052385966
7,austen,938,austen,5.158512306213379
7,austen,938,fitzgerald,7.361301898956299
7,austen,938,twain,7.392495485452505
7,austen,939,train,3.747975778579712
7,austen,939,baum,7.119801616668701
7,austen,939,thompson,7.80673344930013
7,austen,939,dickens,6.93082168367174
7,austen,939,melville,7.519788026809692
7,austen,939,wells,7.171881278355916
7,austen,939,austen,5.163577604293823
7,austen,939,fitzgerald,7.371318166906184
7,austen,939,twain,7.404148982121394
7,austen,940,train,3.7434363842010496
7,austen,940,baum,7.114442825317383
7,austen,940,thompson,7.792354265848796
7,austen,940,dickens,6.920984850989448
7,austen,940,melville,7.502176761627197
7,austen,940,wells,7.1549257437388105
7,austen,940,austen,5.166411066055298
7,austen,940,fitzgerald,7.358317245136607
7,austen,940,twain,7.386704995081975
7,austen,941,train,3.7781523704528808
7,austen,941,baum,7.120847702026367
7,austen,941,thompson,7.804487546284993
7,austen,941,dickens,6.931854354010688
7,austen,941,melville,7.525468349456787
7,austen,941,wells,7.168524026870728
7,austen,941,austen,5.162491369247436
7,austen,941,fitzgerald,7.371788588437167
7,austen,941,twain,7.403083691230187
7,austen,942,train,3.7578186988830566
7,austen,942,baum,7.144069671630859
7,austen,942,thompson,7.828924338022868
7,austen,942,dickens,6.952641857994927
7,austen,942,melville,7.544334014256795
7,austen,942,wells,7.191024621327718
7,austen,942,austen,5.170233964920044
7,austen,942,fitzgerald,7.38597618449818
7,austen,942,twain,7.423587322235107
7,austen,943,train,3.742030143737793
7,austen,943,baum,7.129878616333008
7,austen,943,thompson,7.815074443817139
7,austen,943,dickens,6.946200609207153
7,austen,943,melville,7.539740641911824
7,austen,943,wells,7.180124918619792
7,austen,943,austen,5.166683053970337
7,austen,943,fitzgerald,7.374863841316917
7,austen,943,twain,7.414468618539663
7,austen,944,train,3.7479254722595217
7,austen,944,baum,7.119270896911621
7,austen,944,thompson,7.80050786336263
7,austen,944,dickens,6.928760263654921
7,austen,944,melville,7.515118598937988
7,austen,944,wells,7.156691789627075
7,austen,944,austen,5.166309547424317
7,austen,944,fitzgerald,7.357204567302357
7,austen,944,twain,7.389654783102182
7,austen,945,train,3.768073797225952
7,austen,945,baum,7.158760452270508
7,austen,945,thompson,7.840869267781575
7,austen,945,dickens,6.9649674627516
7,austen,945,melville,7.56645663579305
7,austen,945,wells,7.208311319351196
7,austen,945,austen,5.171808385848999
7,austen,945,fitzgerald,7.401942296461626
7,austen,945,twain,7.44773923433744
7,austen,946,train,3.7207592487335206
7,austen,946,baum,7.144283962249756
7,austen,946,thompson,7.826150417327881
7,austen,946,dickens,6.951457235548231
7,austen,946,melville,7.542370478312175
7,austen,946,wells,7.186541318893433
7,austen,946,austen,5.169433975219727
7,austen,946,fitzgerald,7.384265249425715
7,austen,946,twain,7.422808793874887
7,austen,947,train,3.716547155380249
7,austen,947,baum,7.139601421356201
7,austen,947,thompson,7.825557231903076
7,austen,947,dickens,6.954355001449585
7,austen,947,melville,7.547236045201619
7,austen,947,wells,7.187475124994914
7,austen,947,austen,5.167405271530152
7,austen,947,fitzgerald,7.38403658433394
7,austen,947,twain,7.422023883232703
7,austen,948,train,3.7567073822021486
7,austen,948,baum,7.122040748596191
7,austen,948,thompson,7.788551012674968
7,austen,948,dickens,6.925749169455634
7,austen,948,melville,7.504374027252197
7,austen,948,wells,7.150403261184692
7,austen,948,austen,5.173505687713623
7,austen,948,fitzgerald,7.359656940806996
7,austen,948,twain,7.381819028120774
7,austen,949,train,3.743593311309815
7,austen,949,baum,7.163665771484375
7,austen,949,thompson,7.856125513712565
7,austen,949,dickens,6.976281828350491
7,austen,949,melville,7.5852673053741455
7,austen,949,wells,7.219509442647298
7,austen,949,austen,5.167902183532715
7,austen,949,fitzgerald,7.411852706562389
7,austen,949,twain,7.454696728633
7,austen,950,train,3.742858505249024
7,austen,950,baum,7.14330940246582
7,austen,950,thompson,7.821385542551677
7,austen,950,dickens,6.959959189097087
7,austen,950,melville,7.544488986333211
7,austen,950,wells,7.188959836959839
7,austen,950,austen,5.179347372055053
7,austen,950,fitzgerald,7.381658163937655
7,austen,950,twain,7.422632951002854
7,austen,951,train,3.7303343296051024
7,austen,951,baum,7.119633197784424
7,austen,951,thompson,7.800184408823649
7,austen,951,dickens,6.9362777603997126
7,austen,951,melville,7.52251140276591
7,austen,951,wells,7.162691354751587
7,austen,951,austen,5.167541360855102
7,austen,951,fitzgerald,7.367460640993985
7,austen,951,twain,7.396776529458853
7,austen,952,train,3.7291953563690186
7,austen,952,baum,7.13366117477417
7,austen,952,thompson,7.814842542012532
7,austen,952,dickens,6.945281267166138
7,austen,952,melville,7.531164487202962
7,austen,952,wells,7.179020007451375
7,austen,952,austen,5.162268257141113
7,austen,952,fitzgerald,7.384053620425138
7,austen,952,twain,7.407177925109863
7,austen,953,train,3.730034589767456
7,austen,953,baum,7.149089717864991
7,austen,953,thompson,7.824185848236084
7,austen,953,dickens,6.943734884262085
7,austen,953,melville,7.529152472813924
7,austen,953,wells,7.177884658177693
7,austen,953,austen,5.164063835144043
7,austen,953,fitzgerald,7.387745770541104
7,austen,953,twain,7.406226084782527
7,austen,954,train,3.732850456237793
7,austen,954,baum,7.131245708465576
7,austen,954,thompson,7.806648890177409
7,austen,954,dickens,6.939085165659587
7,austen,954,melville,7.511656284332275
7,austen,954,wells,7.161396662394206
7,austen,954,austen,5.173275899887085
7,austen,954,fitzgerald,7.37027324329723
7,austen,954,twain,7.396311723268949
7,austen,955,train,3.719528865814209
7,austen,955,baum,7.143138408660889
7,austen,955,thompson,7.829881509145101
7,austen,955,dickens,6.956683344311184
7,austen,955,melville,7.546870787938436
7,austen,955,wells,7.187761147816976
7,austen,955,austen,5.168227148056031
7,austen,955,fitzgerald,7.38792575489391
7,austen,955,twain,7.425017833709717
7,austen,956,train,3.69032154083252
7,austen,956,baum,7.13425760269165
7,austen,956,thompson,7.819737593332927
7,austen,956,dickens,6.951184590657552
7,austen,956,melville,7.535168329874675
7,austen,956,wells,7.180968364079793
7,austen,956,austen,5.170785760879516
7,austen,956,fitzgerald,7.381318222392689
7,austen,956,twain,7.417550820570725
7,austen,957,train,3.726318693161011
7,austen,957,baum,7.147193622589112
7,austen,957,thompson,7.827471733093262
7,austen,957,dickens,6.952039268281725
7,austen,957,melville,7.542570193608602
7,austen,957,wells,7.188935041427612
7,austen,957,austen,5.169169759750366
7,austen,957,fitzgerald,7.392034487290815
7,austen,957,twain,7.420809525709886
7,austen,958,train,3.7769915580749513
7,austen,958,baum,7.161489582061767
7,austen,958,thompson,7.844110012054443
7,austen,958,dickens,6.965366204579671
7,austen,958,melville,7.561793406804402
7,austen,958,wells,7.208289225896199
7,austen,958,austen,5.170454740524292
7,austen,958,fitzgerald,7.408782655542547
7,austen,958,twain,7.445271675403301
7,austen,959,train,3.736829090118408
7,austen,959,baum,7.137482738494873
7,austen,959,thompson,7.822480042775472
7,austen,959,dickens,6.944643656412761
7,austen,959,melville,7.541208028793335
7,austen,959,wells,7.181745608647664
7,austen,959,austen,5.164153432846069
7,austen,959,fitzgerald,7.3906894597140225
7,austen,959,twain,7.415065361903264
7,austen,960,train,3.709675455093384
7,austen,960,baum,7.133383941650391
7,austen,960,thompson,7.829845428466797
7,austen,960,dickens,6.956114106708103
7,austen,960,melville,7.540567239125569
7,austen,960,wells,7.185662984848023
7,austen,960,austen,5.167202138900757
7,austen,960,fitzgerald,7.385922735387629
7,austen,960,twain,7.422910433549148
7,austen,961,train,3.727528142929077
7,austen,961,baum,7.14005069732666
7,austen,961,thompson,7.828017870585124
7,austen,961,dickens,6.952377557754517
7,austen,961,melville,7.543350617090861
7,austen,961,wells,7.1893861293792725
7,austen,961,austen,5.162180948257446
7,austen,961,fitzgerald,7.3893115303733135
7,austen,961,twain,7.419818951533391
7,austen,962,train,3.72859992980957
7,austen,962,baum,7.1371057510375975
7,austen,962,thompson,7.819517771402995
7,austen,962,dickens,6.953915463553535
7,austen,962,melville,7.536807378133138
7,austen,962,wells,7.18589989344279
7,austen,962,austen,5.169103193283081
7,austen,962,fitzgerald,7.384163813157515
7,austen,962,twain,7.417215604048509
7,austen,963,train,3.722305250167847
7,austen,963,baum,7.14814338684082
7,austen,963,thompson,7.840932051340739
7,austen,963,dickens,6.964703215493096
7,austen,963,melville,7.554150660832723
7,austen,963,wells,7.19858185450236
7,austen,963,austen,5.164816665649414
7,austen,963,fitzgerald,7.400471817363392
7,austen,963,twain,7.434154657217173
7,austen,964,train,3.702981901168824
7,austen,964,baum,7.143239498138428
7,austen,964,thompson,7.833714962005615
7,austen,964,dickens,6.953514205084907
7,austen,964,melville,7.537527481714885
7,austen,964,wells,7.182010094324748
7,austen,964,austen,5.171533489227295
7,austen,964,fitzgerald,7.387105378237638
7,austen,964,twain,7.41426654962393
7,austen,965,train,3.744591426849365
7,austen,965,baum,7.150370025634766
7,austen,965,thompson,7.85503625869751
7,austen,965,dickens,6.967776854832967
7,austen,965,melville,7.575870354970296
7,austen,965,wells,7.210338433583577
7,austen,965,austen,5.170422315597534
7,austen,965,fitzgerald,7.408987522125244
7,austen,965,twain,7.445604397700383
7,austen,966,train,3.718275451660156
7,austen,966,baum,7.147269821166992
7,austen,966,thompson,7.83850081761678
7,austen,966,dickens,6.95505248175727
7,austen,966,melville,7.552017609278361
7,austen,966,wells,7.197636842727661
7,austen,966,austen,5.165025568008423
7,austen,966,fitzgerald,7.398822914470326
7,austen,966,twain,7.425447243910569
7,austen,967,train,3.6978422164916993
7,austen,967,baum,7.1341047286987305
7,austen,967,thompson,7.822229862213135
7,austen,967,dickens,6.952325026194255
7,austen,967,melville,7.542540788650513
7,austen,967,wells,7.18948237101237
7,austen,967,austen,5.171030426025391
7,austen,967,fitzgerald,7.390247518366033
7,austen,967,twain,7.420224776634803
7,austen,968,train,3.711427164077759
7,austen,968,baum,7.135777759552002
7,austen,968,thompson,7.827263196309407
7,austen,968,dickens,6.959689564175076
7,austen,968,melville,7.5499363740285235
7,austen,968,wells,7.194544474283855
7,austen,968,austen,5.171053743362426
7,austen,968,fitzgerald,7.38964167508212
7,austen,968,twain,7.4217232557443475
7,austen,969,train,3.7471418380737305
7,austen,969,baum,7.159313774108886
7,austen,969,thompson,7.833795706431071
7,austen,969,dickens,6.97297477722168
7,austen,969,melville,7.556390921274821
7,austen,969,wells,7.211480935414632
7,austen,969,austen,5.179855060577393
7,austen,969,fitzgerald,7.407468665729869
7,austen,969,twain,7.435426051800068
7,austen,970,train,3.710114908218384
7,austen,970,baum,7.149747467041015
7,austen,970,thompson,7.83718220392863
7,austen,970,dickens,6.973272244135539
7,austen,970,melville,7.554508686065674
7,austen,970,wells,7.204045216242473
7,austen,970,austen,5.17852897644043
7,austen,970,fitzgerald,7.394266735423695
7,austen,970,twain,7.438599439767691
7,austen,971,train,3.7308080196380615
7,austen,971,baum,7.153893661499024
7,austen,971,thompson,7.8484206199646
7,austen,971,dickens,6.970121065775554
7,austen,971,melville,7.56054425239563
7,austen,971,wells,7.205910762151082
7,austen,971,austen,5.174760580062866
7,austen,971,fitzgerald,7.402760288932106
7,austen,971,twain,7.440706509810227
7,austen,972,train,3.7004407405853272
7,austen,972,baum,7.143957805633545
7,austen,972,thompson,7.834116458892822
7,austen,972,dickens,6.951971742841932
7,austen,972,melville,7.545915206273396
7,austen,972,wells,7.188380479812622
7,austen,972,austen,5.168843364715576
7,austen,972,fitzgerald,7.395409107208252
7,austen,972,twain,7.423096546759971
7,austen,973,train,3.689750862121582
7,austen,973,baum,7.153478813171387
7,austen,973,thompson,7.837112267812093
7,austen,973,dickens,6.9684924019707575
7,austen,973,melville,7.555399497350057
7,austen,973,wells,7.200074593226115
7,austen,973,austen,5.176121520996094
7,austen,973,fitzgerald,7.401339791037819
7,austen,973,twain,7.435771501981295
7,austen,974,train,3.7307409286499023
7,austen,974,baum,7.146542644500732
7,austen,974,thompson,7.834829171498616
7,austen,974,dickens,6.961559693018596
7,austen,974,melville,7.549250841140747
7,austen,974,wells,7.193547089894612
7,austen,974,austen,5.172644519805909
7,austen,974,fitzgerald,7.395099293101918
7,austen,974,twain,7.4264721136826735
7,austen,975,train,3.674848079681397
7,austen,975,baum,7.163167572021484
7,austen,975,thompson,7.858811696370442
7,austen,975,dickens,6.978316651450263
7,austen,975,melville,7.5762410163879395
7,austen,975,wells,7.218181610107422
7,austen,975,austen,5.175995254516602
7,austen,975,fitzgerald,7.41758038780906
7,austen,975,twain,7.45141000014085
7,austen,976,train,3.711166477203369
7,austen,976,baum,7.146942234039306
7,austen,976,thompson,7.846889177958171
7,austen,976,dickens,6.974246422449748
7,austen,976,melville,7.558593114217122
7,austen,976,wells,7.202428897221883
7,austen,976,austen,5.183958053588867
7,austen,976,fitzgerald,7.401118625294078
7,austen,976,twain,7.438812109140249
7,austen,977,train,3.678871583938599
7,austen,977,baum,7.151551628112793
7,austen,977,thompson,7.845513502756755
7,austen,977,dickens,6.958271821339925
7,austen,977,melville,7.552310864130656
7,austen,977,wells,7.198621273040772
7,austen,977,austen,5.173924541473388
7,austen,977,fitzgerald,7.403296557339755
7,austen,977,twain,7.428983761714055
7,austen,978,train,3.661297845840454
7,austen,978,baum,7.155644702911377
7,austen,978,thompson,7.845740000406901
7,austen,978,dickens,6.96856705347697
7,austen,978,melville,7.556824207305908
7,austen,978,wells,7.204248984654744
7,austen,978,austen,5.177607011795044
7,austen,978,fitzgerald,7.404887762936679
7,austen,978,twain,7.437441899226262
7,austen,979,train,3.6736159801483153
7,austen,979,baum,7.181464576721192
7,austen,979,thompson,7.865506807963054
7,austen,979,dickens,6.987575239605373
7,austen,979,melville,7.584738651911418
7,austen,979,wells,7.234632015228271
7,austen,979,austen,5.188727331161499
7,austen,979,fitzgerald,7.432156562805176
7,austen,979,twain,7.466703121478741
7,austen,980,train,3.718713569641113
7,austen,980,baum,7.173871994018555
7,austen,980,thompson,7.870715618133545
7,austen,980,dickens,6.9869678020477295
7,austen,980,melville,7.598549524943034
7,austen,980,wells,7.241940021514893
7,austen,980,austen,5.176129531860352
7,austen,980,fitzgerald,7.431969122453169
7,austen,980,twain,7.474643633915828
7,austen,981,train,3.6898193359375
7,austen,981,baum,7.143473815917969
7,austen,981,thompson,7.835880120595296
7,austen,981,dickens,6.967638068728977
7,austen,981,melville,7.55217703183492
7,austen,981,wells,7.20935599009196
7,austen,981,austen,5.183120584487915
7,austen,981,fitzgerald,7.4041313258084385
7,austen,981,twain,7.441507266117976
7,austen,982,train,3.685217809677124
7,austen,982,baum,7.157248401641846
7,austen,982,thompson,7.850447813669841
7,austen,982,dickens,6.978020853466457
7,austen,982,melville,7.568237940470378
7,austen,982,wells,7.222048759460449
7,austen,982,austen,5.17733998298645
7,austen,982,fitzgerald,7.414969357577237
7,austen,982,twain,7.455814361572266
7,austen,983,train,3.710158920288086
7,austen,983,baum,7.167726993560791
7,austen,983,thompson,7.872902075449626
7,austen,983,dickens,6.9913243717617455
7,austen,983,melville,7.592235406239827
7,austen,983,wells,7.236708243687947
7,austen,983,austen,5.183540201187133
7,austen,983,fitzgerald,7.4272284074263135
7,austen,983,twain,7.472602330721342
7,austen,984,train,3.684395980834961
7,austen,984,baum,7.16291913986206
7,austen,984,thompson,7.850777626037598
7,austen,984,dickens,6.963971720801459
7,austen,984,melville,7.55953844388326
7,austen,984,wells,7.207468430201213
7,austen,984,austen,5.182813739776611
7,austen,984,fitzgerald,7.4126458601518115
7,austen,984,twain,7.438173184028039
7,austen,985,train,3.6656425476074217
7,austen,985,baum,7.163090419769287
7,austen,985,thompson,7.843002796173096
7,austen,985,dickens,6.965453730689155
7,austen,985,melville,7.565732717514038
7,austen,985,wells,7.21137539545695
7,austen,985,austen,5.191755723953247
7,austen,985,fitzgerald,7.415737845680931
7,austen,985,twain,7.443647824800932
7,austen,986,train,3.6849954605102537
7,austen,986,baum,7.1568922996521
7,austen,986,thompson,7.850474039713542
7,austen,986,dickens,6.970520655314128
7,austen,986,melville,7.568719069163005
7,austen,986,wells,7.2196017901102705
7,austen,986,austen,5.18360710144043
7,austen,986,fitzgerald,7.413707126270641
7,austen,986,twain,7.447826165419358
7,austen,987,train,3.69865517616272
7,austen,987,baum,7.156165695190429
7,austen,987,thompson,7.850079377492269
7,austen,987,dickens,6.970863633685642
7,austen,987,melville,7.562878529230754
7,austen,987,wells,7.218607743581136
7,austen,987,austen,5.178581237792969
7,austen,987,fitzgerald,7.414266889745539
7,austen,987,twain,7.449748075925386
7,austen,988,train,3.703255605697632
7,austen,988,baum,7.137338066101075
7,austen,988,thompson,7.829771518707275
7,austen,988,dickens,6.9526175657908125
7,austen,988,melville,7.520666042963664
7,austen,988,wells,7.177341461181641
7,austen,988,austen,5.182486867904663
7,austen,988,fitzgerald,7.38367340781472
7,austen,988,twain,7.409120009495662
7,austen,989,train,3.696913528442383
7,austen,989,baum,7.1591791152954105
7,austen,989,thompson,7.852291425069173
7,austen,989,dickens,6.975466065936619
7,austen,989,melville,7.55903164545695
7,austen,989,wells,7.210034052530925
7,austen,989,austen,5.18151741027832
7,austen,989,fitzgerald,7.40853907845237
7,austen,989,twain,7.444897431593675
7,austen,990,train,3.690149450302124
7,austen,990,baum,7.16685676574707
7,austen,990,thompson,7.869073073069255
7,austen,990,dickens,6.989811791314019
7,austen,990,melville,7.588518699010213
7,austen,990,wells,7.227191050847371
7,austen,990,austen,5.183515167236328
7,austen,990,fitzgerald,7.423971826379949
7,austen,990,twain,7.4625552617586575
7,austen,991,train,3.685099267959594
7,austen,991,baum,7.16838264465332
7,austen,991,thompson,7.872449080149333
7,austen,991,dickens,6.985164165496826
7,austen,991,melville,7.567190090815226
7,austen,991,wells,7.219372113545735
7,austen,991,austen,5.188064098358154
7,austen,991,fitzgerald,7.421993472359397
7,austen,991,twain,7.456902247208816
7,austen,992,train,3.683642625808716
7,austen,992,baum,7.17392406463623
7,austen,992,thompson,7.875757694244385
7,austen,992,dickens,6.989871448940701
7,austen,992,melville,7.58986759185791
7,austen,992,wells,7.232261737187703
7,austen,992,austen,5.185659551620484
7,austen,992,fitzgerald,7.428750384937633
7,austen,992,twain,7.467683645395132
7,austen,993,train,3.662674617767334
7,austen,993,baum,7.171740341186523
7,austen,993,thompson,7.864893436431885
7,austen,993,dickens,6.974664025836521
7,austen,993,melville,7.564581553141276
7,austen,993,wells,7.221469084421794
7,austen,993,austen,5.186543703079224
7,austen,993,fitzgerald,7.424777464433149
7,austen,993,twain,7.451358685126672
7,austen,994,train,3.686552619934082
7,austen,994,baum,7.171241569519043
7,austen,994,thompson,7.871464570363362
7,austen,994,dickens,6.988202465905084
7,austen,994,melville,7.579241673151652
7,austen,994,wells,7.226874748865764
7,austen,994,austen,5.189278411865234
7,austen,994,fitzgerald,7.424214103005149
7,austen,994,twain,7.463921363537128
7,austen,995,train,3.657575178146362
7,austen,995,baum,7.180273056030273
7,austen,995,thompson,7.883528232574463
7,austen,995,dickens,6.990831984413995
7,austen,995,melville,7.584731419881185
7,austen,995,wells,7.232368946075439
7,austen,995,austen,5.183322048187256
7,austen,995,fitzgerald,7.432668729261919
7,austen,995,twain,7.467348355513352
7,austen,996,train,3.6807560443878176
7,austen,996,baum,7.168177509307862
7,austen,996,thompson,7.87200133005778
7,austen,996,dickens,6.98914188808865
7,austen,996,melville,7.5737959543863935
7,austen,996,wells,7.234716176986694
7,austen,996,austen,5.1893175601959225
7,austen,996,fitzgerald,7.427658557891846
7,austen,996,twain,7.469498964456411
7,austen,997,train,3.687513589859009
7,austen,997,baum,7.1590193748474125
7,austen,997,thompson,7.844618320465088
7,austen,997,dickens,6.959958367877537
7,austen,997,melville,7.552675167719523
7,austen,997,wells,7.197886784871419
7,austen,997,austen,5.179421138763428
7,austen,997,fitzgerald,7.404142466458407
7,austen,997,twain,7.427636623382568
7,austen,998,train,3.648440074920656
7,austen,998,baum,7.174977111816406
7,austen,998,thompson,7.864949544270833
7,austen,998,dickens,6.986778285768297
7,austen,998,melville,7.573498805363973
7,austen,998,wells,7.226028919219971
7,austen,998,austen,5.194637060165405
7,austen,998,fitzgerald,7.426725907759233
7,austen,998,twain,7.463773030501145
7,austen,999,train,3.6359190464019777
7,austen,999,baum,7.178573322296143
7,austen,999,thompson,7.881014982859294
7,austen,999,dickens,6.995631323920356
7,austen,999,melville,7.591087341308594
7,austen,999,wells,7.2339677810668945
7,austen,999,austen,5.186798238754273
7,austen,999,fitzgerald,7.437356428666548
7,austen,999,twain,7.471905341515174
7,austen,1000,train,3.669848251342773
7,austen,1000,baum,7.171792221069336
7,austen,1000,thompson,7.875999132792155
7,austen,1000,dickens,6.993030892478095
7,austen,1000,melville,7.576541662216186
7,austen,1000,wells,7.22681999206543
7,austen,1000,austen,5.187049150466919
7,austen,1000,fitzgerald,7.429545185782692
7,austen,1000,twain,7.461275100708008
7,austen,1001,train,3.678587770462036
7,austen,1001,baum,7.1913763046264645
7,austen,1001,thompson,7.880196412404378
7,austen,1001,dickens,6.988864183425903
7,austen,1001,melville,7.584039529164632
7,austen,1001,wells,7.232189973195394
7,austen,1001,austen,5.188760662078858
7,austen,1001,fitzgerald,7.439210458235308
7,austen,1001,twain,7.462938051957351
7,austen,1002,train,3.662324810028076
7,austen,1002,baum,7.186585807800293
7,austen,1002,thompson,7.886988798777263
7,austen,1002,dickens,7.0035077465905085
7,austen,1002,melville,7.599737485249837
7,austen,1002,wells,7.2426557540893555
7,austen,1002,austen,5.188802576065063
7,austen,1002,fitzgerald,7.438368667255748
7,austen,1002,twain,7.481932126558744
7,austen,1003,train,3.662671709060669
7,austen,1003,baum,7.179652690887451
7,austen,1003,thompson,7.879058202107747
7,austen,1003,dickens,6.989664210213555
7,austen,1003,melville,7.577178398768107
7,austen,1003,wells,7.223808526992798
7,austen,1003,austen,5.189323902130127
7,austen,1003,fitzgerald,7.427704507654363
7,austen,1003,twain,7.456018227797288
7,austen,1004,train,3.633130836486816
7,austen,1004,baum,7.181071186065674
7,austen,1004,thompson,7.888143698374431
7,austen,1004,dickens,6.993054178025988
7,austen,1004,melville,7.590476592381795
7,austen,1004,wells,7.233546733856201
7,austen,1004,austen,5.18123230934143
7,austen,1004,fitzgerald,7.434124209664085
7,austen,1004,twain,7.468527903923621
7,austen,1005,train,3.653815507888794
7,austen,1005,baum,7.180813789367676
7,austen,1005,thompson,7.885208288828532
7,austen,1005,dickens,6.996140453550551
7,austen,1005,melville,7.58456548055013
7,austen,1005,wells,7.227803150812785
7,austen,1005,austen,5.187689018249512
7,austen,1005,fitzgerald,7.430001648989591
7,austen,1005,twain,7.465493532327505
7,austen,1006,train,3.634051275253296
7,austen,1006,baum,7.192443084716797
7,austen,1006,thompson,7.890927632649739
7,austen,1006,dickens,7.008357657326592
7,austen,1006,melville,7.603625694910685
7,austen,1006,wells,7.24895183245341
7,austen,1006,austen,5.189767789840698
7,austen,1006,fitzgerald,7.451109452681108
7,austen,1006,twain,7.487772097954383
7,austen,1007,train,3.653131008148194
7,austen,1007,baum,7.186717987060547
7,austen,1007,thompson,7.896730581919352
7,austen,1007,dickens,7.007458792792426
7,austen,1007,melville,7.595321416854858
7,austen,1007,wells,7.24797248840332
7,austen,1007,austen,5.186927270889282
7,austen,1007,fitzgerald,7.438816287300804
7,austen,1007,twain,7.485390039590689
7,austen,1008,train,3.640288591384888
7,austen,1008,baum,7.199759387969971
7,austen,1008,thompson,7.898146152496338
7,austen,1008,dickens,7.012808879216512
7,austen,1008,melville,7.611752112706502
7,austen,1008,wells,7.260803302129109
7,austen,1008,austen,5.197836256027221
7,austen,1008,fitzgerald,7.458552013744008
7,austen,1008,twain,7.49967388006357
7,austen,1009,train,3.62059817314148
7,austen,1009,baum,7.200217437744141
7,austen,1009,thompson,7.905014673868815
7,austen,1009,dickens,7.005346828036839
7,austen,1009,melville,7.6072399616241455
7,austen,1009,wells,7.2523956298828125
7,austen,1009,austen,5.184715461730957
7,austen,1009,fitzgerald,7.455119913274592
7,austen,1009,twain,7.49198473416842
7,austen,1010,train,3.607244539260864
7,austen,1010,baum,7.195487403869629
7,austen,1010,thompson,7.903155167897542
7,austen,1010,dickens,7.01185237036811
7,austen,1010,melville,7.60904590288798
7,austen,1010,wells,7.253358681996663
7,austen,1010,austen,5.191032409667969
7,austen,1010,fitzgerald,7.451394514604048
7,austen,1010,twain,7.492360885326679
7,austen,1011,train,3.6645345211029055
7,austen,1011,baum,7.201887512207032
7,austen,1011,thompson,7.903464158376058
7,austen,1011,dickens,7.013914982477824
7,austen,1011,melville,7.60356593132019
7,austen,1011,wells,7.255872011184692
7,austen,1011,austen,5.19597806930542
7,austen,1011,fitzgerald,7.450517047535289
7,austen,1011,twain,7.490726177509014
7,austen,1012,train,3.691625833511353
7,austen,1012,baum,7.1959436416625975
7,austen,1012,thompson,7.890339215596517
7,austen,1012,dickens,7.001588662465413
7,austen,1012,melville,7.598103761672974
7,austen,1012,wells,7.244921525319417
7,austen,1012,austen,5.190010499954224
7,austen,1012,fitzgerald,7.453395410017534
7,austen,1012,twain,7.477912205916184
7,austen,1013,train,3.639484357833864
7,austen,1013,baum,7.191463375091553
7,austen,1013,thompson,7.892683188120524
7,austen,1013,dickens,7.004727443059285
7,austen,1013,melville,7.593029022216797
7,austen,1013,wells,7.242287556330363
7,austen,1013,austen,5.194546890258789
7,austen,1013,fitzgerald,7.44059285250577
7,austen,1013,twain,7.47612634071937
7,austen,1014,train,3.649736404418945
7,austen,1014,baum,7.215686511993408
7,austen,1014,thompson,7.906672636667888
7,austen,1014,dickens,7.018442683749729
7,austen,1014,melville,7.628391901652018
7,austen,1014,wells,7.265334606170654
7,austen,1014,austen,5.1968015193939205
7,austen,1014,fitzgerald,7.467958927154541
7,austen,1014,twain,7.500737190246582
7,austen,1015,train,3.652469682693481
7,austen,1015,baum,7.199094676971436
7,austen,1015,thompson,7.890135924021403
7,austen,1015,dickens,6.998112943437365
7,austen,1015,melville,7.594400723775228
7,austen,1015,wells,7.23974347114563
7,austen,1015,austen,5.1936229228973385
7,austen,1015,fitzgerald,7.448539213700728
7,austen,1015,twain,7.474520133091853
7,austen,1016,train,3.607694816589356
7,austen,1016,baum,7.208874225616455
7,austen,1016,thompson,7.910837491353353
7,austen,1016,dickens,7.020378457175361
7,austen,1016,melville,7.617614666620891
7,austen,1016,wells,7.263034582138061
7,austen,1016,austen,5.196703577041626
7,austen,1016,fitzgerald,7.471840424971147
7,austen,1016,twain,7.50217158977802
7,austen,1017,train,3.646894979476929
7,austen,1017,baum,7.209577655792236
7,austen,1017,thompson,7.911301612854004
7,austen,1017,dickens,7.016079425811768
7,austen,1017,melville,7.6126768589019775
7,austen,1017,wells,7.257694641749064
7,austen,1017,austen,5.192287039756775
7,austen,1017,fitzgerald,7.462975458665327
7,austen,1017,twain,7.493604990152212
7,austen,1018,train,3.639288330078125
7,austen,1018,baum,7.19951810836792
7,austen,1018,thompson,7.898431936899821
7,austen,1018,dickens,7.004581610361735
7,austen,1018,melville,7.596996386845906
7,austen,1018,wells,7.247493267059326
7,austen,1018,austen,5.200295424461364
7,austen,1018,fitzgerald,7.452805432406339
7,austen,1018,twain,7.481647308056171
7,austen,1019,train,3.653559350967407
7,austen,1019,baum,7.202862167358399
7,austen,1019,thompson,7.918232123057048
7,austen,1019,dickens,7.013670868343777
7,austen,1019,melville,7.618912140528361
7,austen,1019,wells,7.25560736656189
7,austen,1019,austen,5.190868306159973
7,austen,1019,fitzgerald,7.4609715721823955
7,austen,1019,twain,7.489667342259334
7,austen,1020,train,3.6282464981079103
7,austen,1020,baum,7.207881355285645
7,austen,1020,thompson,7.910885651906331
7,austen,1020,dickens,7.020112752914429
7,austen,1020,melville,7.618140697479248
7,austen,1020,wells,7.268619378407796
7,austen,1020,austen,5.200342869758606
7,austen,1020,fitzgerald,7.464460242878307
7,austen,1020,twain,7.500590361081636
7,austen,1021,train,3.657009077072144
7,austen,1021,baum,7.205361080169678
7,austen,1021,thompson,7.918648401896159
7,austen,1021,dickens,7.0204776128133135
7,austen,1021,melville,7.62575896581014
7,austen,1021,wells,7.271083275477092
7,austen,1021,austen,5.191530466079712
7,austen,1021,fitzgerald,7.468440315940163
7,austen,1021,twain,7.505454356853779
7,austen,1022,train,3.6318547248840334
7,austen,1022,baum,7.197118091583252
7,austen,1022,thompson,7.898074626922607
7,austen,1022,dickens,7.003395663367377
7,austen,1022,melville,7.605683088302612
7,austen,1022,wells,7.2501905759175616
7,austen,1022,austen,5.191148161888123
7,austen,1022,fitzgerald,7.458166859366677
7,austen,1022,twain,7.481538919302133
7,austen,1023,train,3.625822734832764
7,austen,1023,baum,7.223362827301026
7,austen,1023,thompson,7.929948965708415
7,austen,1023,dickens,7.036900069978502
7,austen,1023,melville,7.640967766443889
7,austen,1023,wells,7.287243048350017
7,austen,1023,austen,5.203295087814331
7,austen,1023,fitzgerald,7.48445276780562
7,austen,1023,twain,7.522006548368013
7,austen,1024,train,3.6385510921478272
7,austen,1024,baum,7.22070541381836
7,austen,1024,thompson,7.926095803578694
7,austen,1024,dickens,7.031908644570245
7,austen,1024,melville,7.631488800048828
7,austen,1024,wells,7.274861415227254
7,austen,1024,austen,5.198811197280884
7,austen,1024,fitzgerald,7.4792682040821425
7,austen,1024,twain,7.511404220874493
7,austen,1025,train,3.620403003692627
7,austen,1025,baum,7.215759468078613
7,austen,1025,thompson,7.91929562886556
7,austen,1025,dickens,7.021156867345174
7,austen,1025,melville,7.617381731669108
7,austen,1025,wells,7.266727288564046
7,austen,1025,austen,5.190534090995788
7,austen,1025,fitzgerald,7.472020235928622
7,austen,1025,twain,7.501376152038574
7,austen,1026,train,3.630494260787964
7,austen,1026,baum,7.197388935089111
7,austen,1026,thompson,7.903453826904297
7,austen,1026,dickens,7.006767299440172
7,austen,1026,melville,7.6040693918863935
7,austen,1026,wells,7.249439636866252
7,austen,1026,austen,5.188999438285828
7,austen,1026,fitzgerald,7.455226594751531
7,austen,1026,twain,7.480882534613976
7,austen,1027,train,3.603142833709717
7,austen,1027,baum,7.200207233428955
7,austen,1027,thompson,7.901966253916423
7,austen,1027,dickens,7.018000973595513
7,austen,1027,melville,7.614026625951131
7,austen,1027,wells,7.263819138209025
7,austen,1027,austen,5.1961335182189945
7,austen,1027,fitzgerald,7.464025063948198
7,austen,1027,twain,7.5015590741084175
7,austen,1028,train,3.6418535709381104
7,austen,1028,baum,7.209140205383301
7,austen,1028,thompson,7.919163227081299
7,austen,1028,dickens,7.0202417903476295
7,austen,1028,melville,7.619864781697591
7,austen,1028,wells,7.263456344604492
7,austen,1028,austen,5.198695826530456
7,austen,1028,fitzgerald,7.467515555295077
7,austen,1028,twain,7.500326706812932
7,austen,1029,train,3.620996379852295
7,austen,1029,baum,7.2076003074646
7,austen,1029,thompson,7.921623547871907
7,austen,1029,dickens,7.026148319244385
7,austen,1029,melville,7.628047704696655
7,austen,1029,wells,7.275113741556804
7,austen,1029,austen,5.196255350112915
7,austen,1029,fitzgerald,7.473208730871027
7,austen,1029,twain,7.512457920954778
7,austen,1030,train,3.609296083450317
7,austen,1030,baum,7.21343412399292
7,austen,1030,thompson,7.911039511362712
7,austen,1030,dickens,7.01861047744751
7,austen,1030,melville,7.627960364023845
7,austen,1030,wells,7.274715741475423
7,austen,1030,austen,5.201536130905152
7,austen,1030,fitzgerald,7.47442102432251
7,austen,1030,twain,7.506349930396447
7,austen,1031,train,3.640018749237061
7,austen,1031,baum,7.22565860748291
7,austen,1031,thompson,7.92718489964803
7,austen,1031,dickens,7.033520989947849
7,austen,1031,melville,7.634553829828898
7,austen,1031,wells,7.280872424443562
7,austen,1031,austen,5.201826405525208
7,austen,1031,fitzgerald,7.480976928364146
7,austen,1031,twain,7.518179343296931
7,austen,1032,train,3.603131818771362
7,austen,1032,baum,7.2218320846557615
7,austen,1032,thompson,7.921465873718262
7,austen,1032,dickens,7.023071633444892
7,austen,1032,melville,7.626041094462077
7,austen,1032,wells,7.269299507141113
7,austen,1032,austen,5.195866441726684
7,austen,1032,fitzgerald,7.475990642200816
7,austen,1032,twain,7.5092471196101265
7,austen,1033,train,3.606977033615112
7,austen,1033,baum,7.225260543823242
7,austen,1033,thompson,7.916594505310059
7,austen,1033,dickens,7.0269473393758135
7,austen,1033,melville,7.6202286084493
7,austen,1033,wells,7.270984411239624
7,austen,1033,austen,5.206440567970276
7,austen,1033,fitzgerald,7.473361925645308
7,austen,1033,twain,7.506736608651968
7,austen,1034,train,3.6275626182556153
7,austen,1034,baum,7.21029405593872
7,austen,1034,thompson,7.914417425791423
7,austen,1034,dickens,7.0166562928093805
7,austen,1034,melville,7.618484894434611
7,austen,1034,wells,7.254395405451457
7,austen,1034,austen,5.196585607528687
7,austen,1034,fitzgerald,7.467406099492853
7,austen,1034,twain,7.49321251649123
7,austen,1035,train,3.6302035331726072
7,austen,1035,baum,7.21302490234375
7,austen,1035,thompson,7.916378339131673
7,austen,1035,dickens,7.020655552546184
7,austen,1035,melville,7.6127816041310625
7,austen,1035,wells,7.257448673248291
7,austen,1035,austen,5.1992929697036745
7,austen,1035,fitzgerald,7.466428279876709
7,austen,1035,twain,7.497449471400334
7,austen,1036,train,3.610649108886719
7,austen,1036,baum,7.224477291107178
7,austen,1036,thompson,7.92876656850179
7,austen,1036,dickens,7.029765552944607
7,austen,1036,melville,7.631146987279256
7,austen,1036,wells,7.26609222094218
7,austen,1036,austen,5.197942090034485
7,austen,1036,fitzgerald,7.475213874470103
7,austen,1036,twain,7.503583614642803
7,austen,1037,train,3.624814128875733
7,austen,1037,baum,7.228191184997558
7,austen,1037,thompson,7.935459772745768
7,austen,1037,dickens,7.044667747285631
7,austen,1037,melville,7.64562193552653
7,austen,1037,wells,7.289679129918416
7,austen,1037,austen,5.202492070198059
7,austen,1037,fitzgerald,7.48821397261186
7,austen,1037,twain,7.52833656164316
7,austen,1038,train,3.648918056488037
7,austen,1038,baum,7.222856330871582
7,austen,1038,thompson,7.928047815958659
7,austen,1038,dickens,7.034972614712185
7,austen,1038,melville,7.63636573155721
7,austen,1038,wells,7.284760554631551
7,austen,1038,austen,5.199967098236084
7,austen,1038,fitzgerald,7.48192158612338
7,austen,1038,twain,7.521447108342097
7,austen,1039,train,3.6111074924468993
7,austen,1039,baum,7.215972518920898
7,austen,1039,thompson,7.91841999689738
7,austen,1039,dickens,7.039875004026625
7,austen,1039,melville,7.637215773264567
7,austen,1039,wells,7.279121398925781
7,austen,1039,austen,5.214697098731994
7,austen,1039,fitzgerald,7.471650253642689
7,austen,1039,twain,7.516087788801927
7,austen,1040,train,3.607646179199219
7,austen,1040,baum,7.231062221527099
7,austen,1040,thompson,7.941945711771647
7,austen,1040,dickens,7.047775771882799
7,austen,1040,melville,7.649724960327148
7,austen,1040,wells,7.295741319656372
7,austen,1040,austen,5.202999830245972
7,austen,1040,fitzgerald,7.491885445334694
7,austen,1040,twain,7.535773350642278
7,austen,1041,train,3.5942270278930666
7,austen,1041,baum,7.218015193939209
7,austen,1041,thompson,7.93928877512614
7,austen,1041,dickens,7.040094587537977
7,austen,1041,melville,7.644069830576579
7,austen,1041,wells,7.289185206095378
7,austen,1041,austen,5.203679490089416
7,austen,1041,fitzgerald,7.488286278464577
7,austen,1041,twain,7.524152682377742
7,austen,1042,train,3.5936925411224365
7,austen,1042,baum,7.233091831207275
7,austen,1042,thompson,7.950908819834392
7,austen,1042,dickens,7.050251987245348
7,austen,1042,melville,7.661439259847005
7,austen,1042,wells,7.302886565526326
7,austen,1042,austen,5.19829568862915
7,austen,1042,fitzgerald,7.505024346438321
7,austen,1042,twain,7.538373763744648
7,austen,1043,train,3.5921692848205566
7,austen,1043,baum,7.233093738555908
7,austen,1043,thompson,7.939359664916992
7,austen,1043,dickens,7.044970830281575
7,austen,1043,melville,7.636371692021687
7,austen,1043,wells,7.28937300046285
7,austen,1043,austen,5.212183284759521
7,austen,1043,fitzgerald,7.487814166329124
7,austen,1043,twain,7.528828437511738
7,austen,1044,train,3.606411027908325
7,austen,1044,baum,7.228204250335693
7,austen,1044,thompson,7.939368565877278
7,austen,1044,dickens,7.051340632968479
7,austen,1044,melville,7.643397251764934
7,austen,1044,wells,7.291265646616618
7,austen,1044,austen,5.202256727218628
7,austen,1044,fitzgerald,7.491362181576815
7,austen,1044,twain,7.530854261838472
7,austen,1045,train,3.576819324493408
7,austen,1045,baum,7.225880813598633
7,austen,1045,thompson,7.930123488108317
7,austen,1045,dickens,7.043500264485677
7,austen,1045,melville,7.64149022102356
7,austen,1045,wells,7.281002600987752
7,austen,1045,austen,5.205358242988586
7,austen,1045,fitzgerald,7.481793967160311
7,austen,1045,twain,7.516449047968938
7,austen,1046,train,3.591834735870361
7,austen,1046,baum,7.241284465789795
7,austen,1046,thompson,7.95557181040446
7,austen,1046,dickens,7.0636123816172285
7,austen,1046,melville,7.659332990646362
7,austen,1046,wells,7.31017255783081
7,austen,1046,austen,5.210622906684876
7,austen,1046,fitzgerald,7.503650188446045
7,austen,1046,twain,7.551203470963698
7,austen,1047,train,3.582710361480713
7,austen,1047,baum,7.232631683349609
7,austen,1047,thompson,7.9463210105896
7,austen,1047,dickens,7.053088717990452
7,austen,1047,melville,7.65160854657491
7,austen,1047,wells,7.293323437372844
7,austen,1047,austen,5.207696962356567
7,austen,1047,fitzgerald,7.494370287114924
7,austen,1047,twain,7.534888524275559
7,austen,1048,train,3.595173501968384
7,austen,1048,baum,7.239636039733886
7,austen,1048,thompson,7.938347021738688
7,austen,1048,dickens,7.051063087251452
7,austen,1048,melville,7.643102089564006
7,austen,1048,wells,7.291645050048828
7,austen,1048,austen,5.217310810089112
7,austen,1048,fitzgerald,7.493593129244718
7,austen,1048,twain,7.530895893390362
7,austen,1049,train,3.6128891468048097
7,austen,1049,baum,7.248073577880859
7,austen,1049,thompson,7.963195323944092
7,austen,1049,dickens,7.062189764446682
7,austen,1049,melville,7.672316312789917
7,austen,1049,wells,7.313118457794189
7,austen,1049,austen,5.20582537651062
7,austen,1049,fitzgerald,7.507611664858731
7,austen,1049,twain,7.551807807042048
7,austen,1050,train,3.591059350967407
7,austen,1050,baum,7.240296936035156
7,austen,1050,thompson,7.939731438954671
7,austen,1050,dickens,7.053699996736315
7,austen,1050,melville,7.644136905670166
7,austen,1050,wells,7.290610154469808
7,austen,1050,austen,5.215681385993958
7,austen,1050,fitzgerald,7.494481736963445
7,austen,1050,twain,7.534269846402681
7,austen,1051,train,3.578348159790039
7,austen,1051,baum,7.250876712799072
7,austen,1051,thompson,7.954746882120768
7,austen,1051,dickens,7.063294781578912
7,austen,1051,melville,7.66329820950826
7,austen,1051,wells,7.301131248474121
7,austen,1051,austen,5.2236216306686405
7,austen,1051,fitzgerald,7.505668640136719
7,austen,1051,twain,7.545689105987549
7,austen,1052,train,3.585388660430908
7,austen,1052,baum,7.25690107345581
7,austen,1052,thompson,7.981946468353271
7,austen,1052,dickens,7.069777409235637
7,austen,1052,melville,7.682658990224202
7,austen,1052,wells,7.326096455256144
7,austen,1052,austen,5.208937382698059
7,austen,1052,fitzgerald,7.522929451682351
7,austen,1052,twain,7.568813617412861
7,austen,1053,train,3.5689894199371337
7,austen,1053,baum,7.245066165924072
7,austen,1053,thompson,7.971179962158203
7,austen,1053,dickens,7.065703259574042
7,austen,1053,melville,7.67255425453186
7,austen,1053,wells,7.316194375356038
7,austen,1053,austen,5.217724418640136
7,austen,1053,fitzgerald,7.518431836908514
7,austen,1053,twain,7.560593861799973
7,austen,1054,train,3.5787585258483885
7,austen,1054,baum,7.232885932922363
7,austen,1054,thompson,7.944673697153727
7,austen,1054,dickens,7.051304393344456
7,austen,1054,melville,7.6536545753479
7,austen,1054,wells,7.295233805974324
7,austen,1054,austen,5.215055418014527
7,austen,1054,fitzgerald,7.498603864149614
7,austen,1054,twain,7.528607295109675
7,austen,1055,train,3.5796892642974854
7,austen,1055,baum,7.252225303649903
7,austen,1055,thompson,7.97429879506429
7,austen,1055,dickens,7.077317741182116
7,austen,1055,melville,7.686429500579834
7,austen,1055,wells,7.331275383631389
7,austen,1055,austen,5.212286996841431
7,austen,1055,fitzgerald,7.526850483634255
7,austen,1055,twain,7.57056529705341
7,austen,1056,train,3.5875882148742675
7,austen,1056,baum,7.247141933441162
7,austen,1056,thompson,7.962160269419352
7,austen,1056,dickens,7.069527016745673
7,austen,1056,melville,7.673422654469808
7,austen,1056,wells,7.317965745925903
7,austen,1056,austen,5.209233450889587
7,austen,1056,fitzgerald,7.521147771315142
7,austen,1056,twain,7.554597671215351
7,austen,1057,train,3.554041337966919
7,austen,1057,baum,7.243696880340576
7,austen,1057,thompson,7.956644217173259
7,austen,1057,dickens,7.072160270478991
7,austen,1057,melville,7.678992350896199
7,austen,1057,wells,7.317274252573649
7,austen,1057,austen,5.216802954673767
7,austen,1057,fitzgerald,7.512892809781161
7,austen,1057,twain,7.5553143207843485
7,austen,1058,train,3.5715543270111083
7,austen,1058,baum,7.261052894592285
7,austen,1058,thompson,7.962571938832601
7,austen,1058,dickens,7.061361180411445
7,austen,1058,melville,7.671424309412639
7,austen,1058,wells,7.316510756810506
7,austen,1058,austen,5.214875149726868
7,austen,1058,fitzgerald,7.5195323770696465
7,austen,1058,twain,7.549571734208327
7,austen,1059,train,3.558262586593628
7,austen,1059,baum,7.252691745758057
7,austen,1059,thompson,7.958504517873128
7,austen,1059,dickens,7.063922617170546
7,austen,1059,melville,7.669734239578247
7,austen,1059,wells,7.311986764272054
7,austen,1059,austen,5.212777376174927
7,austen,1059,fitzgerald,7.513038245114413
7,austen,1059,twain,7.549011780665471
7,austen,1060,train,3.5586732387542725
7,austen,1060,baum,7.256741905212403
7,austen,1060,thompson,7.954726696014404
7,austen,1060,dickens,7.070744223064846
7,austen,1060,melville,7.676921129226685
7,austen,1060,wells,7.318485418955485
7,austen,1060,austen,5.224293446540832
7,austen,1060,fitzgerald,7.51830361106179
7,austen,1060,twain,7.557313258831318
7,austen,1061,train,3.5740793704986573
7,austen,1061,baum,7.2582612991333
7,austen,1061,thompson,7.970964590708415
7,austen,1061,dickens,7.067969295713636
7,austen,1061,melville,7.683249155680339
7,austen,1061,wells,7.319486538569133
7,austen,1061,austen,5.215808320045471
7,austen,1061,fitzgerald,7.51712890104814
7,austen,1061,twain,7.555785032419058
7,austen,1062,train,3.5742949485778808
7,austen,1062,baum,7.263423252105713
7,austen,1062,thompson,7.971988360087077
7,austen,1062,dickens,7.072130017810398
7,austen,1062,melville,7.68074107170105
7,austen,1062,wells,7.330485979715983
7,austen,1062,austen,5.225934481620788
7,austen,1062,fitzgerald,7.530091112310236
7,austen,1062,twain,7.565551574413593
7,austen,1063,train,3.5636674880981447
7,austen,1063,baum,7.24473295211792
7,austen,1063,thompson,7.952824115753174
7,austen,1063,dickens,7.052127281824748
7,austen,1063,melville,7.664761384328206
7,austen,1063,wells,7.300655762354533
7,austen,1063,austen,5.209421968460083
7,austen,1063,fitzgerald,7.505747665058482
7,austen,1063,twain,7.53828529211191
7,austen,1064,train,3.553267288208008
7,austen,1064,baum,7.248632144927979
7,austen,1064,thompson,7.957480430603027
7,austen,1064,dickens,7.063519504335192
7,austen,1064,melville,7.665753126144409
7,austen,1064,wells,7.3088734944661455
7,austen,1064,austen,5.216265368461609
7,austen,1064,fitzgerald,7.512823061509565
7,austen,1064,twain,7.547128677368164
7,austen,1065,train,3.569191884994507
7,austen,1065,baum,7.261086082458496
7,austen,1065,thompson,7.979116280873616
7,austen,1065,dickens,7.0785104698605
7,austen,1065,melville,7.68277907371521
7,austen,1065,wells,7.325656890869141
7,austen,1065,austen,5.216218829154968
7,austen,1065,fitzgerald,7.52759820764715
7,austen,1065,twain,7.562585500570444
7,austen,1066,train,3.573674964904785
7,austen,1066,baum,7.256331062316894
7,austen,1066,thompson,7.966700394948323
7,austen,1066,dickens,7.082104365030925
7,austen,1066,melville,7.680948575337728
7,austen,1066,wells,7.327359040578206
7,austen,1066,austen,5.219402265548706
7,austen,1066,fitzgerald,7.523966919292103
7,austen,1066,twain,7.56639473254864
7,austen,1067,train,3.5425334930419923
7,austen,1067,baum,7.26661376953125
7,austen,1067,thompson,7.977678616841634
7,austen,1067,dickens,7.086703406439887
7,austen,1067,melville,7.696348349253337
7,austen,1067,wells,7.34163761138916
7,austen,1067,austen,5.222879719734192
7,austen,1067,fitzgerald,7.538986812938344
7,austen,1067,twain,7.575515600351187
7,austen,1068,train,3.561083698272705
7,austen,1068,baum,7.253095817565918
7,austen,1068,thompson,7.949465115865071
7,austen,1068,dickens,7.062176015641954
7,austen,1068,melville,7.657187064488728
7,austen,1068,wells,7.301506360371907
7,austen,1068,austen,5.221622848510743
7,austen,1068,fitzgerald,7.507252476432106
7,austen,1068,twain,7.536026331094595
7,austen,1069,train,3.572921133041382
7,austen,1069,baum,7.265939807891845
7,austen,1069,thompson,7.974579334259033
7,austen,1069,dickens,7.073726230197483
7,austen,1069,melville,7.680306911468506
7,austen,1069,wells,7.326954205830892
7,austen,1069,austen,5.215945768356323
7,austen,1069,fitzgerald,7.528415679931641
7,austen,1069,twain,7.566155543694129
7,austen,1070,train,3.5485111713409423
7,austen,1070,baum,7.267281150817871
7,austen,1070,thompson,7.9852339426676435
7,austen,1070,dickens,7.0830700397491455
7,austen,1070,melville,7.6945022741953535
7,austen,1070,wells,7.33536942799886
7,austen,1070,austen,5.212731790542603
7,austen,1070,fitzgerald,7.534204916520552
7,austen,1070,twain,7.5764354925889235
7,austen,1071,train,3.58005633354187
7,austen,1071,baum,7.267704772949219
7,austen,1071,thompson,7.9838072458903
7,austen,1071,dickens,7.085229529274835
7,austen,1071,melville,7.69333799680074
7,austen,1071,wells,7.33872111638387
7,austen,1071,austen,5.224527645111084
7,austen,1071,fitzgerald,7.5360329367897725
7,austen,1071,twain,7.576334256392259
7,austen,1072,train,3.5482234001159667
7,austen,1072,baum,7.25331220626831
7,austen,1072,thompson,7.973284403483073
7,austen,1072,dickens,7.075404008229573
7,austen,1072,melville,7.678465445836385
7,austen,1072,wells,7.315465370814006
7,austen,1072,austen,5.225308084487915
7,austen,1072,fitzgerald,7.519127629019997
7,austen,1072,twain,7.55190632893489
7,austen,1073,train,3.556051731109619
7,austen,1073,baum,7.280477523803711
7,austen,1073,thompson,7.994102954864502
7,austen,1073,dickens,7.096388287014431
7,austen,1073,melville,7.701939980189006
7,austen,1073,wells,7.352632840474446
7,austen,1073,austen,5.232816982269287
7,austen,1073,fitzgerald,7.549535144459117
7,austen,1073,twain,7.591135025024414
7,austen,1074,train,3.5659701824188232
7,austen,1074,baum,7.265853500366211
7,austen,1074,thompson,7.97748327255249
7,austen,1074,dickens,7.078506655163235
7,austen,1074,melville,7.68625005086263
7,austen,1074,wells,7.328874905904134
7,austen,1074,austen,5.213607835769653
7,austen,1074,fitzgerald,7.535586747256192
7,austen,1074,twain,7.569250510289119
7,austen,1075,train,3.550284433364868
7,austen,1075,baum,7.280696105957031
7,austen,1075,thompson,7.990189552307129
7,austen,1075,dickens,7.09412874115838
7,austen,1075,melville,7.6986448764801025
7,austen,1075,wells,7.342321157455444
7,austen,1075,austen,5.225573873519897
7,austen,1075,fitzgerald,7.544627709822222
7,austen,1075,twain,7.587963324326735
7,austen,1076,train,3.555183506011963
7,austen,1076,baum,7.282547950744629
7,austen,1076,thompson,7.990795771280925
7,austen,1076,dickens,7.090186754862468
7,austen,1076,melville,7.688058296839396
7,austen,1076,wells,7.332025051116943
7,austen,1076,austen,5.220143389701843
7,austen,1076,fitzgerald,7.538153258236972
7,austen,1076,twain,7.575065025916467
7,austen,1077,train,3.5562504291534425
7,austen,1077,baum,7.281504917144775
7,austen,1077,thompson,7.990721702575684
7,austen,1077,dickens,7.086291657553779
7,austen,1077,melville,7.689894437789917
7,austen,1077,wells,7.33776871363322
7,austen,1077,austen,5.221085715293884
7,austen,1077,fitzgerald,7.5391999157992275
7,austen,1077,twain,7.57875160070566
7,austen,1078,train,3.5455533504486083
7,austen,1078,baum,7.269748497009277
7,austen,1078,thompson,7.974598089853923
7,austen,1078,dickens,7.076141198476155
7,austen,1078,melville,7.682888507843018
7,austen,1078,wells,7.326191981633504
7,austen,1078,austen,5.219358253479004
7,austen,1078,fitzgerald,7.534744912927801
7,austen,1078,twain,7.563294007227971
7,austen,1079,train,3.5601317405700685
7,austen,1079,baum,7.278119373321533
7,austen,1079,thompson,7.997909863789876
7,austen,1079,dickens,7.093826956219143
7,austen,1079,melville,7.707732121149699
7,austen,1079,wells,7.343358675638835
7,austen,1079,austen,5.225305962562561
7,austen,1079,fitzgerald,7.545370231975209
7,austen,1079,twain,7.589669924515944
7,austen,1080,train,3.565420913696289
7,austen,1080,baum,7.278194713592529
7,austen,1080,thompson,7.991002082824707
7,austen,1080,dickens,7.091512335671319
7,austen,1080,melville,7.69737434387207
7,austen,1080,wells,7.3372847239176435
7,austen,1080,austen,5.224704384803772
7,austen,1080,fitzgerald,7.545202818783847
7,austen,1080,twain,7.578853387099046
7,austen,1081,train,3.552153635025024
7,austen,1081,baum,7.290793800354004
7,austen,1081,thompson,8.00963830947876
7,austen,1081,dickens,7.107313527001275
7,austen,1081,melville,7.729173103968303
7,austen,1081,wells,7.366006851196289
7,austen,1081,austen,5.2155462265014645
7,austen,1081,fitzgerald,7.565286419608376
7,austen,1081,twain,7.61083382826585
7,austen,1082,train,3.5198007106781004
7,austen,1082,baum,7.272817611694336
7,austen,1082,thompson,7.988925457000732
7,austen,1082,dickens,7.096348020765516
7,austen,1082,melville,7.694133202234904
7,austen,1082,wells,7.342493851979573
7,austen,1082,austen,5.226024103164673
7,austen,1082,fitzgerald,7.544763001528653
7,austen,1082,twain,7.583159189957839
7,austen,1083,train,3.493368911743164
7,austen,1083,baum,7.274700164794922
7,austen,1083,thompson,7.990306695302327
7,austen,1083,dickens,7.094136820899116
7,austen,1083,melville,7.691320578257243
7,austen,1083,wells,7.338762283325195
7,austen,1083,austen,5.227620697021484
7,austen,1083,fitzgerald,7.544700752605092
7,austen,1083,twain,7.579910058241624
7,austen,1084,train,3.5506559371948243
7,austen,1084,baum,7.261900997161865
7,austen,1084,thompson,7.978689034779866
7,austen,1084,dickens,7.082592831717597
7,austen,1084,melville,7.684906244277954
7,austen,1084,wells,7.327827612559001
7,austen,1084,austen,5.226328563690186
7,austen,1084,fitzgerald,7.534171667965976
7,austen,1084,twain,7.569990598238432
7,austen,1085,train,3.5458843231201174
7,austen,1085,baum,7.296096324920654
7,austen,1085,thompson,8.007256031036377
7,austen,1085,dickens,7.103936672210693
7,austen,1085,melville,7.72347887357076
7,austen,1085,wells,7.36338472366333
7,austen,1085,austen,5.227744102478027
7,austen,1085,fitzgerald,7.563800941814076
7,austen,1085,twain,7.599177360534668
7,austen,1086,train,3.544416570663452
7,austen,1086,baum,7.29210319519043
7,austen,1086,thompson,8.003347714742025
7,austen,1086,dickens,7.099518855412801
7,austen,1086,melville,7.708370844523112
7,austen,1086,wells,7.344033877054851
7,austen,1086,austen,5.229032158851624
7,austen,1086,fitzgerald,7.552061947909267
7,austen,1086,twain,7.582248394305889
7,austen,1087,train,3.5402459621429445
7,austen,1087,baum,7.311335563659668
7,austen,1087,thompson,8.018515427907309
7,austen,1087,dickens,7.122890075047811
7,austen,1087,melville,7.729940096537272
7,austen,1087,wells,7.38002332051595
7,austen,1087,austen,5.238782548904419
7,austen,1087,fitzgerald,7.570477442307905
7,austen,1087,twain,7.617839006277231
7,austen,1088,train,3.5428263187408446
7,austen,1088,baum,7.284800148010253
7,austen,1088,thompson,8.010006586710611
7,austen,1088,dickens,7.097692648569743
7,austen,1088,melville,7.703367551167806
7,austen,1088,wells,7.337978521982829
7,austen,1088,austen,5.223786973953247
7,austen,1088,fitzgerald,7.546494137157094
7,austen,1088,twain,7.576345737163837
7,austen,1089,train,3.528861331939697
7,austen,1089,baum,7.303107070922851
7,austen,1089,thompson,8.01546573638916
7,austen,1089,dickens,7.11313517888387
7,austen,1089,melville,7.715991973876953
7,austen,1089,wells,7.363319396972656
7,austen,1089,austen,5.237901520729065
7,austen,1089,fitzgerald,7.562522888183594
7,austen,1089,twain,7.603715419769287
7,austen,1090,train,3.5549554347991945
7,austen,1090,baum,7.305543708801269
7,austen,1090,thompson,8.026434421539307
7,austen,1090,dickens,7.111559841367933
7,austen,1090,melville,7.7283408641815186
7,austen,1090,wells,7.366224606831868
7,austen,1090,austen,5.2258693218231205
7,austen,1090,fitzgerald,7.572297182950106
7,austen,1090,twain,7.603842551891621
7,austen,1091,train,3.538154602050781
7,austen,1091,baum,7.317167186737061
7,austen,1091,thompson,8.032920837402344
7,austen,1091,dickens,7.124220106336805
7,austen,1091,melville,7.7334591547648115
7,austen,1091,wells,7.381138563156128
7,austen,1091,austen,5.23518135547638
7,austen,1091,fitzgerald,7.586021466688677
7,austen,1091,twain,7.624810769007756
7,austen,1092,train,3.5209530353546143
7,austen,1092,baum,7.289943885803223
7,austen,1092,thompson,8.00794537862142
7,austen,1092,dickens,7.10650814904107
7,austen,1092,melville,7.707214593887329
7,austen,1092,wells,7.353305816650391
7,austen,1092,austen,5.229659295082092
7,austen,1092,fitzgerald,7.560242436148903
7,austen,1092,twain,7.597468632918138
7,austen,1093,train,3.527246618270874
7,austen,1093,baum,7.285093784332275
7,austen,1093,thompson,8.011648972829184
7,austen,1093,dickens,7.098442342546251
7,austen,1093,melville,7.7046004931132
7,austen,1093,wells,7.350803454717
7,austen,1093,austen,5.227861309051514
7,austen,1093,fitzgerald,7.556043408133767
7,austen,1093,twain,7.58894971700815
7,austen,1094,train,3.535781002044678
7,austen,1094,baum,7.299671745300293
7,austen,1094,thompson,8.016771157582602
7,austen,1094,dickens,7.106408543056912
7,austen,1094,melville,7.716141939163208
7,austen,1094,wells,7.3607776165008545
7,austen,1094,austen,5.231214046478272
7,austen,1094,fitzgerald,7.566932591524991
7,austen,1094,twain,7.600551751943735
7,austen,1095,train,3.5349189758300783
7,austen,1095,baum,7.296828937530518
7,austen,1095,thompson,8.003658771514893
7,austen,1095,dickens,7.106637027528551
7,austen,1095,melville,7.709249496459961
7,austen,1095,wells,7.350634733835856
7,austen,1095,austen,5.241723465919495
7,austen,1095,fitzgerald,7.556148659099232
7,austen,1095,twain,7.593385402972881
7,austen,1096,train,3.5280232429504395
7,austen,1096,baum,7.301042175292968
7,austen,1096,thompson,8.0188676516215
7,austen,1096,dickens,7.111253023147583
7,austen,1096,melville,7.712164481480916
7,austen,1096,wells,7.355721076329549
7,austen,1096,austen,5.237110924720764
7,austen,1096,fitzgerald,7.559126853942871
7,austen,1096,twain,7.592272685124324
7,austen,1097,train,3.536453199386597
7,austen,1097,baum,7.296345520019531
7,austen,1097,thompson,8.015217304229736
7,austen,1097,dickens,7.10978889465332
7,austen,1097,melville,7.715035518010457
7,austen,1097,wells,7.363796710968018
7,austen,1097,austen,5.2385966062545775
7,austen,1097,fitzgerald,7.563592520627108
7,austen,1097,twain,7.595635450803316
7,austen,1098,train,3.484821462631225
7,austen,1098,baum,7.280689907073975
7,austen,1098,thompson,8.004020690917969
7,austen,1098,dickens,7.103277921676636
7,austen,1098,melville,7.7094091574351
7,austen,1098,wells,7.346119085947673
7,austen,1098,austen,5.227396249771118
7,austen,1098,fitzgerald,7.554612159729004
7,austen,1098,twain,7.588163962730994
7,austen,1099,train,3.534138822555542
7,austen,1099,baum,7.299809741973877
7,austen,1099,thompson,8.019569396972656
7,austen,1099,dickens,7.11846990055508
7,austen,1099,melville,7.713136037190755
7,austen,1099,wells,7.363338549931844
7,austen,1099,austen,5.2479815006256105
7,austen,1099,fitzgerald,7.566902290691029
7,austen,1099,twain,7.602805541111873
7,austen,1100,train,3.517041254043579
7,austen,1100,baum,7.297083950042724
7,austen,1100,thompson,8.009919007619223
7,austen,1100,dickens,7.106858836279975
7,austen,1100,melville,7.714985052744548
7,austen,1100,wells,7.35410475730896
7,austen,1100,austen,5.238130855560303
7,austen,1100,fitzgerald,7.562685879794034
7,austen,1100,twain,7.597280759077805
7,austen,1101,train,3.5460814952850344
7,austen,1101,baum,7.29291410446167
7,austen,1101,thompson,8.007397969563803
7,austen,1101,dickens,7.113801929685804
7,austen,1101,melville,7.705160458882649
7,austen,1101,wells,7.354356288909912
7,austen,1101,austen,5.236165070533753
7,austen,1101,fitzgerald,7.559710112485019
7,austen,1101,twain,7.597480957324688
7,austen,1102,train,3.496929788589477
7,austen,1102,baum,7.321815872192383
7,austen,1102,thompson,8.03597895304362
7,austen,1102,dickens,7.132796208063762
7,austen,1102,melville,7.752443472544352
7,austen,1102,wells,7.389932870864868
7,austen,1102,austen,5.241503620147705
7,austen,1102,fitzgerald,7.587552980943159
7,austen,1102,twain,7.633945575127234
7,austen,1103,train,3.499533987045288
7,austen,1103,baum,7.310507202148438
7,austen,1103,thompson,8.036010106404623
7,austen,1103,dickens,7.129016717274983
7,austen,1103,melville,7.746052821477254
7,austen,1103,wells,7.378392140070598
7,austen,1103,austen,5.2345977306365965
7,austen,1103,fitzgerald,7.580084627324885
7,austen,1103,twain,7.623450646033654
7,austen,1104,train,3.50614595413208
7,austen,1104,baum,7.297900199890137
7,austen,1104,thompson,8.016497611999512
7,austen,1104,dickens,7.118521690368652
7,austen,1104,melville,7.735490242640178
7,austen,1104,wells,7.373284101486206
7,austen,1104,austen,5.232802295684815
7,austen,1104,fitzgerald,7.573031425476074
7,austen,1104,twain,7.61753617800199
7,austen,1105,train,3.4917327404022216
7,austen,1105,baum,7.31240234375
7,austen,1105,thompson,8.037770430246988
7,austen,1105,dickens,7.133720450931126
7,austen,1105,melville,7.732500155766805
7,austen,1105,wells,7.370630820592244
7,austen,1105,austen,5.241635203361511
7,austen,1105,fitzgerald,7.574823552911932
7,austen,1105,twain,7.6195041216336765
7,austen,1106,train,3.5014292716979982
7,austen,1106,baum,7.305470752716064
7,austen,1106,thompson,8.017711957295736
7,austen,1106,dickens,7.113259077072144
7,austen,1106,melville,7.713640451431274
7,austen,1106,wells,7.358560721079509
7,austen,1106,austen,5.243552660942077
7,austen,1106,fitzgerald,7.567257751118053
7,austen,1106,twain,7.600908059340257
7,austen,1107,train,3.5044984817504883
7,austen,1107,baum,7.335249423980713
7,austen,1107,thompson,8.052374680836996
7,austen,1107,dickens,7.141192197799683
7,austen,1107,melville,7.759660800298055
7,austen,1107,wells,7.400531530380249
7,austen,1107,austen,5.245368623733521
7,austen,1107,fitzgerald,7.601171796972101
7,austen,1107,twain,7.646204178149883
7,austen,1108,train,3.495638036727905
7,austen,1108,baum,7.316400814056396
7,austen,1108,thompson,8.034658273061117
7,austen,1108,dickens,7.123705148696899
7,austen,1108,melville,7.741406202316284
7,austen,1108,wells,7.3878655433654785
7,austen,1108,austen,5.2376933813095095
7,austen,1108,fitzgerald,7.590649778192693
7,austen,1108,twain,7.627406597137451
7,austen,1109,train,3.514179992675781
7,austen,1109,baum,7.309708786010742
7,austen,1109,thompson,8.029435475667318
7,austen,1109,dickens,7.120978302425808
7,austen,1109,melville,7.73508604367574
7,austen,1109,wells,7.382477124532063
7,austen,1109,austen,5.234643459320068
7,austen,1109,fitzgerald,7.579976948824796
7,austen,1109,twain,7.615123088543232
7,austen,1110,train,3.484382677078247
7,austen,1110,baum,7.308921432495117
7,austen,1110,thompson,8.031054019927979
7,austen,1110,dickens,7.128746906916301
7,austen,1110,melville,7.735788901646932
7,austen,1110,wells,7.383126179377238
7,austen,1110,austen,5.2390971183776855
7,austen,1110,fitzgerald,7.58519324389371
7,austen,1110,twain,7.618597874274621
7,austen,1111,train,3.51332688331604
7,austen,1111,baum,7.329717445373535
7,austen,1111,thompson,8.048317273457846
7,austen,1111,dickens,7.137745115492079
7,austen,1111,melville,7.751504580179851
7,austen,1111,wells,7.399958848953247
7,austen,1111,austen,5.242224931716919
7,austen,1111,fitzgerald,7.604773738167503
7,austen,1111,twain,7.640567852900578
7,austen,1112,train,3.4874314785003664
7,austen,1112,baum,7.326399993896483
7,austen,1112,thompson,8.037380854288736
7,austen,1112,dickens,7.132740524080065
7,austen,1112,melville,7.73730190594991
7,austen,1112,wells,7.390806595484416
7,austen,1112,austen,5.247961235046387
7,austen,1112,fitzgerald,7.591404264623469
7,austen,1112,twain,7.626623410444993
7,austen,1113,train,3.512392997741699
7,austen,1113,baum,7.336416435241699
7,austen,1113,thompson,8.05450439453125
7,austen,1113,dickens,7.145650731192695
7,austen,1113,melville,7.75578498840332
7,austen,1113,wells,7.39891521135966
7,austen,1113,austen,5.254821753501892
7,austen,1113,fitzgerald,7.602160063656894
7,austen,1113,twain,7.637323672954853
7,austen,1114,train,3.5082994937896728
7,austen,1114,baum,7.316928958892822
7,austen,1114,thompson,8.019439856211344
7,austen,1114,dickens,7.127579477098253
7,austen,1114,melville,7.726146856943767
7,austen,1114,wells,7.378888289133708
7,austen,1114,austen,5.249389362335205
7,austen,1114,fitzgerald,7.580533027648926
7,austen,1114,twain,7.618799906510573
7,austen,1115,train,3.4816476821899416
7,austen,1115,baum,7.324533271789551
7,austen,1115,thompson,8.042679945627848
7,austen,1115,dickens,7.1382209989759655
7,austen,1115,melville,7.745823701222737
7,austen,1115,wells,7.3864898681640625
7,austen,1115,austen,5.25133183002472
7,austen,1115,fitzgerald,7.590156165036288
7,austen,1115,twain,7.625514140495887
7,austen,1116,train,3.5022146701812744
7,austen,1116,baum,7.3140871047973635
7,austen,1116,thompson,8.034111817677816
7,austen,1116,dickens,7.131648646460639
7,austen,1116,melville,7.739628076553345
7,austen,1116,wells,7.379461765289307
7,austen,1116,austen,5.2509829759597775
7,austen,1116,fitzgerald,7.587436069141734
7,austen,1116,twain,7.61652895120474
7,austen,1117,train,3.4979062557220457
7,austen,1117,baum,7.314772701263427
7,austen,1117,thompson,8.031310081481934
7,austen,1117,dickens,7.138702074686687
7,austen,1117,melville,7.741114695866902
7,austen,1117,wells,7.391034603118896
7,austen,1117,austen,5.253407454490661
7,austen,1117,fitzgerald,7.589049469340932
7,austen,1117,twain,7.628695047818697
7,austen,1118,train,3.4699684143066407
7,austen,1118,baum,7.312279033660888
7,austen,1118,thompson,8.045700550079346
7,austen,1118,dickens,7.1418579949273004
7,austen,1118,melville,7.752360264460246
7,austen,1118,wells,7.382294178009033
7,austen,1118,austen,5.240250420570374
7,austen,1118,fitzgerald,7.587495457042348
7,austen,1118,twain,7.620380218212421
7,austen,1119,train,3.478820466995239
7,austen,1119,baum,7.325664615631103
7,austen,1119,thompson,8.03857390085856
7,austen,1119,dickens,7.1556554900275335
7,austen,1119,melville,7.750023523966472
7,austen,1119,wells,7.400364398956299
7,austen,1119,austen,5.264014410972595
7,austen,1119,fitzgerald,7.594822190024636
7,austen,1119,twain,7.642550505124605
7,austen,1120,train,3.513735580444336
7,austen,1120,baum,7.326756477355957
7,austen,1120,thompson,8.041705131530762
7,austen,1120,dickens,7.140428251690334
7,austen,1120,melville,7.74625809987386
7,austen,1120,wells,7.3867677847544355
7,austen,1120,austen,5.250156092643738
7,austen,1120,fitzgerald,7.597631714560769
7,austen,1120,twain,7.62985189144428
7,austen,1121,train,3.5054731369018555
7,austen,1121,baum,7.33299674987793
7,austen,1121,thompson,8.048320293426514
7,austen,1121,dickens,7.148730993270874
7,austen,1121,melville,7.749508460362752
7,austen,1121,wells,7.396938562393188
7,austen,1121,austen,5.258938455581665
7,austen,1121,fitzgerald,7.600812868638472
7,austen,1121,twain,7.639245326702412
7,austen,1122,train,3.4696404457092287
7,austen,1122,baum,7.3291090965271
7,austen,1122,thompson,8.03752581278483
7,austen,1122,dickens,7.13948851161533
7,austen,1122,melville,7.745570421218872
7,austen,1122,wells,7.3889468510945635
7,austen,1122,austen,5.254759764671325
7,austen,1122,fitzgerald,7.596288420937278
7,austen,1122,twain,7.6290968014643745
7,austen,1123,train,3.447961950302124
7,austen,1123,baum,7.321499061584473
7,austen,1123,thompson,8.026840209960938
7,austen,1123,dickens,7.128135707643297
7,austen,1123,melville,7.73975404103597
7,austen,1123,wells,7.381846984227498
7,austen,1123,austen,5.250523662567138
7,austen,1123,fitzgerald,7.587514833970503
7,austen,1123,twain,7.623120161203237
7,austen,1124,train,3.4793632507324217
7,austen,1124,baum,7.312476730346679
7,austen,1124,thompson,8.027555465698242
7,austen,1124,dickens,7.128752920362684
7,austen,1124,melville,7.729915380477905
7,austen,1124,wells,7.385392506917317
7,austen,1124,austen,5.251759791374207
7,austen,1124,fitzgerald,7.585428541356867
7,austen,1124,twain,7.620172317211445
7,austen,1125,train,3.4458119869232178
7,austen,1125,baum,7.323122310638428
7,austen,1125,thompson,8.046779791514078
7,austen,1125,dickens,7.148436811235216
7,austen,1125,melville,7.762383619944255
7,austen,1125,wells,7.400731960932414
7,austen,1125,austen,5.258769702911377
7,austen,1125,fitzgerald,7.602469270879572
7,austen,1125,twain,7.648327240577111
7,austen,1126,train,3.469404411315918
7,austen,1126,baum,7.337232398986816
7,austen,1126,thompson,8.050730387369791
7,austen,1126,dickens,7.14821555879381
7,austen,1126,melville,7.75384783744812
7,austen,1126,wells,7.405455430348714
7,austen,1126,austen,5.258909177780152
7,austen,1126,fitzgerald,7.609271049499512
7,austen,1126,twain,7.645119116856502
7,austen,1127,train,3.4921630382537843
7,austen,1127,baum,7.329591464996338
7,austen,1127,thompson,8.054324309031168
7,austen,1127,dickens,7.152258263693915
7,austen,1127,melville,7.77078374226888
7,austen,1127,wells,7.407737414042155
7,austen,1127,austen,5.254746890068054
7,austen,1127,fitzgerald,7.608165264129639
7,austen,1127,twain,7.649018397698035
7,austen,1128,train,3.494493579864502
7,austen,1128,baum,7.342312145233154
7,austen,1128,thompson,8.058262507120768
7,austen,1128,dickens,7.15698160065545
7,austen,1128,melville,7.763565460840861
7,austen,1128,wells,7.403225342432658
7,austen,1128,austen,5.265170741081238
7,austen,1128,fitzgerald,7.609921715476296
7,austen,1128,twain,7.6480739666865425
7,austen,1129,train,3.492219114303589
7,austen,1129,baum,7.33051700592041
7,austen,1129,thompson,8.048156261444092
7,austen,1129,dickens,7.145017968283759
7,austen,1129,melville,7.750389814376831
7,austen,1129,wells,7.395271301269531
7,austen,1129,austen,5.260121822357178
7,austen,1129,fitzgerald,7.597469806671143
7,austen,1129,twain,7.634430995354285
7,austen,1130,train,3.455537796020508
7,austen,1130,baum,7.317652797698974
7,austen,1130,thompson,8.039840698242188
7,austen,1130,dickens,7.137875848346287
7,austen,1130,melville,7.75042446454366
7,austen,1130,wells,7.391814231872559
7,austen,1130,austen,5.253377842903137
7,austen,1130,fitzgerald,7.595027923583984
7,austen,1130,twain,7.627490813915546
7,austen,1131,train,3.494012260437012
7,austen,1131,baum,7.332749843597412
7,austen,1131,thompson,8.050918738047281
7,austen,1131,dickens,7.148171530829536
7,austen,1131,melville,7.747950077056885
7,austen,1131,wells,7.395829677581787
7,austen,1131,austen,5.263408184051514
7,austen,1131,fitzgerald,7.601086486469615
7,austen,1131,twain,7.634165213658259
7,austen,1132,train,3.4609915256500243
7,austen,1132,baum,7.3325573921203615
7,austen,1132,thompson,8.06042448679606
7,austen,1132,dickens,7.164470619625515
7,austen,1132,melville,7.778667608896892
7,austen,1132,wells,7.418141921361287
7,austen,1132,austen,5.262426114082336
7,austen,1132,fitzgerald,7.615773070942271
7,austen,1132,twain,7.663317093482385
7,austen,1133,train,3.4552390575408936
7,austen,1133,baum,7.337236404418945
7,austen,1133,thompson,8.048484484354654
7,austen,1133,dickens,7.151802645789252
7,austen,1133,melville,7.756019115447998
7,austen,1133,wells,7.400897582372029
7,austen,1133,austen,5.265535545349121
7,austen,1133,fitzgerald,7.60178670016202
7,austen,1133,twain,7.646131772261399
7,austen,1134,train,3.437299871444702
7,austen,1134,baum,7.322745418548584
7,austen,1134,thompson,8.039620717366537
7,austen,1134,dickens,7.146685838699341
7,austen,1134,melville,7.747519493103027
7,austen,1134,wells,7.393797000249227
7,austen,1134,austen,5.258432364463806
7,austen,1134,fitzgerald,7.595528949390758
7,austen,1134,twain,7.6371948168827934
7,austen,1135,train,3.457884931564331
7,austen,1135,baum,7.330041599273682
7,austen,1135,thompson,8.05353037516276
7,austen,1135,dickens,7.155897219975789
7,austen,1135,melville,7.759373188018799
7,austen,1135,wells,7.403305530548096
7,austen,1135,austen,5.254765272140503
7,austen,1135,fitzgerald,7.600308461622759
7,austen,1135,twain,7.647628710820125
7,austen,1136,train,3.4567488193511964
7,austen,1136,baum,7.329254150390625
7,austen,1136,thompson,8.046359062194824
7,austen,1136,dickens,7.150743166605632
7,austen,1136,melville,7.74602476755778
7,austen,1136,wells,7.400993585586548
7,austen,1136,austen,5.267305517196656
7,austen,1136,fitzgerald,7.601491798054088
7,austen,1136,twain,7.639504836155818
7,austen,1137,train,3.4743625640869142
7,austen,1137,baum,7.340146732330322
7,austen,1137,thompson,8.071562131245932
7,austen,1137,dickens,7.155703888999091
7,austen,1137,melville,7.766629219055176
7,austen,1137,wells,7.406835397084554
7,austen,1137,austen,5.260622048377991
7,austen,1137,fitzgerald,7.606193325736306
7,austen,1137,twain,7.645706726954534
7,austen,1138,train,3.4603344440460204
7,austen,1138,baum,7.332172870635986
7,austen,1138,thompson,8.058708190917969
7,austen,1138,dickens,7.155408064524333
7,austen,1138,melville,7.753772099812825
7,austen,1138,wells,7.403116703033447
7,austen,1138,austen,5.267395043373108
7,austen,1138,fitzgerald,7.6031834428960625
7,austen,1138,twain,7.637409833761362
7,austen,1139,train,3.4741462230682374
7,austen,1139,baum,7.325124645233155
7,austen,1139,thompson,8.059349219004313
7,austen,1139,dickens,7.15102309650845
7,austen,1139,melville,7.7466780344645185
7,austen,1139,wells,7.396100362141927
7,austen,1139,austen,5.256408286094666
7,austen,1139,fitzgerald,7.596828720786354
7,austen,1139,twain,7.633617584521954
7,austen,1140,train,3.451704168319702
7,austen,1140,baum,7.342525482177734
7,austen,1140,thompson,8.068428993225098
7,austen,1140,dickens,7.165145344204372
7,austen,1140,melville,7.771799325942993
7,austen,1140,wells,7.41852601369222
7,austen,1140,austen,5.261738133430481
7,austen,1140,fitzgerald,7.617830883372914
7,austen,1140,twain,7.657178181868333
7,austen,1141,train,3.442257595062256
7,austen,1141,baum,7.331935501098632
7,austen,1141,thompson,8.059527079264322
7,austen,1141,dickens,7.16402612792121
7,austen,1141,melville,7.758374214172363
7,austen,1141,wells,7.40962028503418
7,austen,1141,austen,5.267193078994751
7,austen,1141,fitzgerald,7.605965094132856
7,austen,1141,twain,7.645964805896465
7,austen,1142,train,3.4285838127136232
7,austen,1142,baum,7.337158584594727
7,austen,1142,thompson,8.051402886708578
7,austen,1142,dickens,7.16010766559177
7,austen,1142,melville,7.761037667592366
7,austen,1142,wells,7.413829326629639
7,austen,1142,austen,5.269097948074341
7,austen,1142,fitzgerald,7.60648588700728
7,austen,1142,twain,7.647343598879301
7,austen,1143,train,3.4514927864074707
7,austen,1143,baum,7.347798919677734
7,austen,1143,thompson,8.067960739135742
7,austen,1143,dickens,7.168236494064331
7,austen,1143,melville,7.771100838979085
7,austen,1143,wells,7.423612117767334
7,austen,1143,austen,5.272195649147034
7,austen,1143,fitzgerald,7.621429269964045
7,austen,1143,twain,7.657953225649321
7,austen,1144,train,3.4247215747833253
7,austen,1144,baum,7.338453865051269
7,austen,1144,thompson,8.053162892659506
7,austen,1144,dickens,7.150976578394572
7,austen,1144,melville,7.749586502710978
7,austen,1144,wells,7.398391803105672
7,austen,1144,austen,5.26795003414154
7,austen,1144,fitzgerald,7.601403886621648
7,austen,1144,twain,7.634316921234131
7,austen,1145,train,3.435159349441528
7,austen,1145,baum,7.338671016693115
7,austen,1145,thompson,8.061460177103678
7,austen,1145,dickens,7.151707092920939
7,austen,1145,melville,7.753878434499104
7,austen,1145,wells,7.395007610321045
7,austen,1145,austen,5.262681221961975
7,austen,1145,fitzgerald,7.604240634224632
7,austen,1145,twain,7.633216527792124
7,austen,1146,train,3.4484830856323243
7,austen,1146,baum,7.337917613983154
7,austen,1146,thompson,8.055814425150553
7,austen,1146,dickens,7.160671684477064
7,austen,1146,melville,7.762697617212932
7,austen,1146,wells,7.408796628316243
7,austen,1146,austen,5.2688233137130736
7,austen,1146,fitzgerald,7.609219941225919
7,austen,1146,twain,7.646455508012038
7,austen,1147,train,3.4391715049743654
7,austen,1147,baum,7.353770160675049
7,austen,1147,thompson,8.078278541564941
7,austen,1147,dickens,7.170611911349827
7,austen,1147,melville,7.779662768046061
7,austen,1147,wells,7.421922524770101
7,austen,1147,austen,5.262942361831665
7,austen,1147,fitzgerald,7.622372193769975
7,austen,1147,twain,7.667441368103027
7,austen,1148,train,3.4516446113586428
7,austen,1148,baum,7.357710361480713
7,austen,1148,thompson,8.077292760213217
7,austen,1148,dickens,7.165572749243842
7,austen,1148,melville,7.768006404240926
7,austen,1148,wells,7.40846864382426
7,austen,1148,austen,5.265940189361572
7,austen,1148,fitzgerald,7.6129443428733135
7,austen,1148,twain,7.650831405933086
7,austen,1149,train,3.430784511566162
7,austen,1149,baum,7.362184047698975
7,austen,1149,thompson,8.074628512064615
7,austen,1149,dickens,7.175219588809544
7,austen,1149,melville,7.784765958786011
7,austen,1149,wells,7.43549903233846
7,austen,1149,austen,5.261599111557007
7,austen,1149,fitzgerald,7.629970463839444
7,austen,1149,twain,7.675918175623967
7,austen,1150,train,3.441805934906006
7,austen,1150,baum,7.3476941108703615
7,austen,1150,thompson,8.070341428120932
7,austen,1150,dickens,7.1616040335761175
7,austen,1150,melville,7.762966235478719
7,austen,1150,wells,7.414556264877319
7,austen,1150,austen,5.26998884677887
7,austen,1150,fitzgerald,7.612764445218173
7,austen,1150,twain,7.65191257916964
7,austen,1151,train,3.436453914642334
7,austen,1151,baum,7.347926139831543
7,austen,1151,thompson,8.061225573221842
7,austen,1151,dickens,7.169194751315647
7,austen,1151,melville,7.755643288294475
7,austen,1151,wells,7.407144625981648
7,austen,1151,austen,5.276881670951843
7,austen,1151,fitzgerald,7.607126409357244
7,austen,1151,twain,7.64507348720844
7,austen,1152,train,3.4250582218170167
7,austen,1152,baum,7.34467191696167
7,austen,1152,thompson,8.074764251708984
7,austen,1152,dickens,7.166899654600355
7,austen,1152,melville,7.771804889043172
7,austen,1152,wells,7.417353630065918
7,austen,1152,austen,5.265607714653015
7,austen,1152,fitzgerald,7.622091943567449
7,austen,1152,twain,7.654995258037861
7,austen,1153,train,3.439240598678589
7,austen,1153,baum,7.363509750366211
7,austen,1153,thompson,8.097519238789877
7,austen,1153,dickens,7.178355508380466
7,austen,1153,melville,7.788946310679118
7,austen,1153,wells,7.435761531194051
7,austen,1153,austen,5.272718906402588
7,austen,1153,fitzgerald,7.635269121690229
7,austen,1153,twain,7.670211205115685
7,austen,1154,train,3.415822744369507
7,austen,1154,baum,7.359030914306641
7,austen,1154,thompson,8.087539990743002
7,austen,1154,dickens,7.177428907818264
7,austen,1154,melville,7.789459069569905
7,austen,1154,wells,7.43310022354126
7,austen,1154,austen,5.273903560638428
7,austen,1154,fitzgerald,7.635709415782582
7,austen,1154,twain,7.672554933107817
7,austen,1155,train,3.444864511489868
7,austen,1155,baum,7.349623584747315
7,austen,1155,thompson,8.072121938069662
7,austen,1155,dickens,7.163406981362237
7,austen,1155,melville,7.77080496152242
7,austen,1155,wells,7.41386063893636
7,austen,1155,austen,5.263194036483765
7,austen,1155,fitzgerald,7.614683324640447
7,austen,1155,twain,7.647256374359131
7,austen,1156,train,3.43593225479126
7,austen,1156,baum,7.34387321472168
7,austen,1156,thompson,8.059756755828857
7,austen,1156,dickens,7.158122698465983
7,austen,1156,melville,7.761818329493205
7,austen,1156,wells,7.414758125940959
7,austen,1156,austen,5.266313767433166
7,austen,1156,fitzgerald,7.61524451862682
7,austen,1156,twain,7.645674742185152
7,austen,1157,train,3.443903017044067
7,austen,1157,baum,7.352042388916016
7,austen,1157,thompson,8.076255798339844
7,austen,1157,dickens,7.1686985227796765
7,austen,1157,melville,7.767150402069092
7,austen,1157,wells,7.418546358744304
7,austen,1157,austen,5.266690683364868
7,austen,1157,fitzgerald,7.622830781069669
7,austen,1157,twain,7.658443927764893
7,austen,1158,train,3.4365117073059084
7,austen,1158,baum,7.361939811706543
7,austen,1158,thompson,8.08424154917399
7,austen,1158,dickens,7.182626989152697
7,austen,1158,melville,7.791986703872681
7,austen,1158,wells,7.435935020446777
7,austen,1158,austen,5.282984805107117
7,austen,1158,fitzgerald,7.63332631371238
7,austen,1158,twain,7.679338748638447
7,austen,1159,train,3.419730472564697
7,austen,1159,baum,7.367229366302491
7,austen,1159,thompson,8.097044626871744
7,austen,1159,dickens,7.190399169921875
7,austen,1159,melville,7.794863700866699
7,austen,1159,wells,7.445205688476562
7,austen,1159,austen,5.268881225585938
7,austen,1159,fitzgerald,7.648159590634433
7,austen,1159,twain,7.68676416690533
7,austen,1160,train,3.399839496612549
7,austen,1160,baum,7.372793674468994
7,austen,1160,thompson,8.086813608805338
7,austen,1160,dickens,7.179997656080458
7,austen,1160,melville,7.782802740732829
7,austen,1160,wells,7.425310373306274
7,austen,1160,austen,5.277887678146362
7,austen,1160,fitzgerald,7.636673667214134
7,austen,1160,twain,7.666477019970234
7,austen,1161,train,3.423121881484985
7,austen,1161,baum,7.383124160766601
7,austen,1161,thompson,8.105944951375326
7,austen,1161,dickens,7.193931659062703
7,austen,1161,melville,7.79899803797404
7,austen,1161,wells,7.445169846216838
7,austen,1161,austen,5.272475147247315
7,austen,1161,fitzgerald,7.6512980461120605
7,austen,1161,twain,7.694373277517466
7,austen,1162,train,3.4424674987792967
7,austen,1162,baum,7.37192440032959
7,austen,1162,thompson,8.089809735616049
7,austen,1162,dickens,7.182185199525621
7,austen,1162,melville,7.793856064478557
7,austen,1162,wells,7.429820855458577
7,austen,1162,austen,5.277504348754883
7,austen,1162,fitzgerald,7.6374713290821425
7,austen,1162,twain,7.674511652726394
7,austen,1163,train,3.449394369125366
7,austen,1163,baum,7.37039680480957
7,austen,1163,thompson,8.097227732340494
7,austen,1163,dickens,7.187152703603108
7,austen,1163,melville,7.8037904103597
7,austen,1163,wells,7.441760540008545
7,austen,1163,austen,5.275938844680786
7,austen,1163,fitzgerald,7.646514849229292
7,austen,1163,twain,7.684490020458515
7,austen,1164,train,3.406764841079712
7,austen,1164,baum,7.379037380218506
7,austen,1164,thompson,8.111377398173014
7,austen,1164,dickens,7.197820080651177
7,austen,1164,melville,7.818944215774536
7,austen,1164,wells,7.455331007639567
7,austen,1164,austen,5.2698970079422
7,austen,1164,fitzgerald,7.660565116188743
7,austen,1164,twain,7.698439304645245
7,austen,1165,train,3.39587664604187
7,austen,1165,baum,7.371851539611816
7,austen,1165,thompson,8.100398063659668
7,austen,1165,dickens,7.1923044257693824
7,austen,1165,melville,7.799757877985637
7,austen,1165,wells,7.440445264180501
7,austen,1165,austen,5.282739162445068
7,austen,1165,fitzgerald,7.646554383364591
7,austen,1165,twain,7.68409435565655
7,austen,1166,train,3.423558807373047
7,austen,1166,baum,7.3813755989074705
7,austen,1166,thompson,8.113287607828775
7,austen,1166,dickens,7.204768657684326
7,austen,1166,melville,7.823367118835449
7,austen,1166,wells,7.464201132456462
7,austen,1166,austen,5.273218560218811
7,austen,1166,fitzgerald,7.667518268931996
7,austen,1166,twain,7.708587536445031
7,austen,1167,train,3.4131212711334227
7,austen,1167,baum,7.382861137390137
7,austen,1167,thompson,8.108246803283691
7,austen,1167,dickens,7.206103695763482
7,austen,1167,melville,7.811243216196696
7,austen,1167,wells,7.458361784617106
7,austen,1167,austen,5.288841891288757
7,austen,1167,fitzgerald,7.662580446763472
7,austen,1167,twain,7.700216990250808
7,austen,1168,train,3.426566362380981
7,austen,1168,baum,7.393045902252197
7,austen,1168,thompson,8.115528106689453
7,austen,1168,dickens,7.207606845431858
7,austen,1168,melville,7.823818683624268
7,austen,1168,wells,7.462973276774089
7,austen,1168,austen,5.280204939842224
7,austen,1168,fitzgerald,7.670741861516779
7,austen,1168,twain,7.708579430213342
7,austen,1169,train,3.396567344665528
7,austen,1169,baum,7.394205856323242
7,austen,1169,thompson,8.129672050476074
7,austen,1169,dickens,7.221466064453125
7,austen,1169,melville,7.828940232594808
7,austen,1169,wells,7.4753492673238116
7,austen,1169,austen,5.284663677215576
7,austen,1169,fitzgerald,7.677429979497736
7,austen,1169,twain,7.721540927886963
7,austen,1170,train,3.3917325496673585
7,austen,1170,baum,7.378553581237793
7,austen,1170,thompson,8.111947377522787
7,austen,1170,dickens,7.201175795661079
7,austen,1170,melville,7.813053290049235
7,austen,1170,wells,7.449781656265259
7,austen,1170,austen,5.279415583610534
7,austen,1170,fitzgerald,7.654683069749312
7,austen,1170,twain,7.689325442680945
7,austen,1171,train,3.4007227420806885
7,austen,1171,baum,7.401002025604248
7,austen,1171,thompson,8.126291592915853
7,austen,1171,dickens,7.210478888617621
7,austen,1171,melville,7.82516622543335
7,austen,1171,wells,7.473878939946492
7,austen,1171,austen,5.291132164001465
7,austen,1171,fitzgerald,7.670315829190341
7,austen,1171,twain,7.714299972240742
7,austen,1172,train,3.4247132778167724
7,austen,1172,baum,7.402588653564453
7,austen,1172,thompson,8.13983154296875
7,austen,1172,dickens,7.217543151643541
7,austen,1172,melville,7.841781695683797
7,austen,1172,wells,7.483349084854126
7,austen,1172,austen,5.283992528915405
7,austen,1172,fitzgerald,7.68098072572188
7,austen,1172,twain,7.721802638127253
7,austen,1173,train,3.45592999458313
7,austen,1173,baum,7.379355812072754
7,austen,1173,thompson,8.107705116271973
7,austen,1173,dickens,7.197013775507609
7,austen,1173,melville,7.805975039800008
7,austen,1173,wells,7.450437068939209
7,austen,1173,austen,5.286351275444031
7,austen,1173,fitzgerald,7.653768756172874
7,austen,1173,twain,7.689121686495268
7,austen,1174,train,3.427861404418945
7,austen,1174,baum,7.403510665893554
7,austen,1174,thompson,8.132248878479004
7,austen,1174,dickens,7.211044338014391
7,austen,1174,melville,7.83543602625529
7,austen,1174,wells,7.474563519159953
7,austen,1174,austen,5.282525825500488
7,austen,1174,fitzgerald,7.679701675068248
7,austen,1174,twain,7.721212240365835
7,austen,1175,train,3.4160978317260744
7,austen,1175,baum,7.375357055664063
7,austen,1175,thompson,8.107179959615072
7,austen,1175,dickens,7.202314668231541
7,austen,1175,melville,7.805600802103679
7,austen,1175,wells,7.449965715408325
7,austen,1175,austen,5.284654259681702
7,austen,1175,fitzgerald,7.651766603643244
7,austen,1175,twain,7.695659967569204
7,austen,1176,train,3.394022750854492
7,austen,1176,baum,7.394035053253174
7,austen,1176,thompson,8.114422480265299
7,austen,1176,dickens,7.209531439675225
7,austen,1176,melville,7.816760142644246
7,austen,1176,wells,7.458099047342936
7,austen,1176,austen,5.288069391250611
7,austen,1176,fitzgerald,7.667301351373846
7,austen,1176,twain,7.70183618252094
7,austen,1177,train,3.3997718334198
7,austen,1177,baum,7.376188850402832
7,austen,1177,thompson,8.108035405476889
7,austen,1177,dickens,7.194884459177653
7,austen,1177,melville,7.801834344863892
7,austen,1177,wells,7.4483920733133955
7,austen,1177,austen,5.292406463623047
7,austen,1177,fitzgerald,7.65122144872492
7,austen,1177,twain,7.6858499967134914
7,austen,1178,train,3.40689640045166
7,austen,1178,baum,7.392791366577148
7,austen,1178,thompson,8.119776407877604
7,austen,1178,dickens,7.20996289783054
7,austen,1178,melville,7.823697566986084
7,austen,1178,wells,7.472628434499104
7,austen,1178,austen,5.290490818023682
7,austen,1178,fitzgerald,7.67117673700506
7,austen,1178,twain,7.714663285475511
7,austen,1179,train,3.4105192184448243
7,austen,1179,baum,7.396751785278321
7,austen,1179,thompson,8.119446754455566
7,austen,1179,dickens,7.208914544847277
7,austen,1179,melville,7.819710890452067
7,austen,1179,wells,7.46675976117452
7,austen,1179,austen,5.290835332870484
7,austen,1179,fitzgerald,7.670565735210072
7,austen,1179,twain,7.706319038684551
7,austen,1180,train,3.4148317337036134
7,austen,1180,baum,7.417018604278565
7,austen,1180,thompson,8.141521771748861
7,austen,1180,dickens,7.224908961190118
7,austen,1180,melville,7.842013518015544
7,austen,1180,wells,7.487855037053426
7,austen,1180,austen,5.29448926448822
7,austen,1180,fitzgerald,7.690376021645286
7,austen,1180,twain,7.725885647993821
7,austen,1181,train,3.387218952178955
7,austen,1181,baum,7.415190029144287
7,austen,1181,thompson,8.148201942443848
7,austen,1181,dickens,7.236365556716919
7,austen,1181,melville,7.847678979237874
7,austen,1181,wells,7.498265902201335
7,austen,1181,austen,5.296540999412537
7,austen,1181,fitzgerald,7.692058303139427
7,austen,1181,twain,7.742930155534011
7,austen,1182,train,3.381395673751831
7,austen,1182,baum,7.398152160644531
7,austen,1182,thompson,8.130366961161295
7,austen,1182,dickens,7.212530453999837
7,austen,1182,melville,7.820830663045247
7,austen,1182,wells,7.465635855992635
7,austen,1182,austen,5.296510076522827
7,austen,1182,fitzgerald,7.670801162719727
7,austen,1182,twain,7.709367421957163
7,austen,1183,train,3.378460836410522
7,austen,1183,baum,7.387079048156738
7,austen,1183,thompson,8.112914085388184
7,austen,1183,dickens,7.199456294377645
7,austen,1183,melville,7.8037465413411455
7,austen,1183,wells,7.446777264277141
7,austen,1183,austen,5.283302998542785
7,austen,1183,fitzgerald,7.655339457771995
7,austen,1183,twain,7.691412045405461
7,austen,1184,train,3.399176740646362
7,austen,1184,baum,7.403303337097168
7,austen,1184,thompson,8.136176109313965
7,austen,1184,dickens,7.223411613040501
7,austen,1184,melville,7.833738327026367
7,austen,1184,wells,7.481990814208984
7,austen,1184,austen,5.290030217170715
7,austen,1184,fitzgerald,7.686070268804377
7,austen,1184,twain,7.724378769214336
7,austen,1185,train,3.393900012969971
7,austen,1185,baum,7.41315336227417
7,austen,1185,thompson,8.144707043965658
7,austen,1185,dickens,7.225681013531155
7,austen,1185,melville,7.83830197652181
7,austen,1185,wells,7.474480549494426
7,austen,1185,austen,5.2923887252807615
7,austen,1185,fitzgerald,7.686773777008057
7,austen,1185,twain,7.718564877143273
7,austen,1186,train,3.39190468788147
7,austen,1186,baum,7.409870243072509
7,austen,1186,thompson,8.147303581237793
7,austen,1186,dickens,7.228964037365383
7,austen,1186,melville,7.842504898707072
7,austen,1186,wells,7.484923919041951
7,austen,1186,austen,5.294240379333496
7,austen,1186,fitzgerald,7.6885574947703965
7,austen,1186,twain,7.731569766998291
7,austen,1187,train,3.3890067100524903
7,austen,1187,baum,7.415614604949951
7,austen,1187,thompson,8.14494514465332
7,austen,1187,dickens,7.222951253255208
7,austen,1187,melville,7.82558536529541
7,austen,1187,wells,7.47042441368103
7,austen,1187,austen,5.296270322799683
7,austen,1187,fitzgerald,7.679704536091197
7,austen,1187,twain,7.713375201592078
7,austen,1188,train,3.396067476272583
7,austen,1188,baum,7.4080158233642575
7,austen,1188,thompson,8.14350159962972
7,austen,1188,dickens,7.216981543434991
7,austen,1188,melville,7.8299228350321455
7,austen,1188,wells,7.474115610122681
7,austen,1188,austen,5.282866835594177
7,austen,1188,fitzgerald,7.683609398928556
7,austen,1188,twain,7.714748859405518
7,austen,1189,train,3.349593448638916
7,austen,1189,baum,7.39921932220459
7,austen,1189,thompson,8.134998639424643
7,austen,1189,dickens,7.218438969718085
7,austen,1189,melville,7.822809060414632
7,austen,1189,wells,7.469186941782634
7,austen,1189,austen,5.296211552619934
7,austen,1189,fitzgerald,7.673217686739835
7,austen,1189,twain,7.715565204620361
7,austen,1190,train,3.39107084274292
7,austen,1190,baum,7.417919158935547
7,austen,1190,thompson,8.154130299886068
7,austen,1190,dickens,7.231958283318414
7,austen,1190,melville,7.848531325658162
7,austen,1190,wells,7.48845362663269
7,austen,1190,austen,5.2925577640533445
7,austen,1190,fitzgerald,7.691971908916127
7,austen,1190,twain,7.73567141019381
7,austen,1191,train,3.3966323375701903
7,austen,1191,baum,7.383980274200439
7,austen,1191,thompson,8.112882932027182
7,austen,1191,dickens,7.19810152053833
7,austen,1191,melville,7.796610752741496
7,austen,1191,wells,7.448791901270549
7,austen,1191,austen,5.288534951210022
7,austen,1191,fitzgerald,7.654835267500444
7,austen,1191,twain,7.690473263080303
7,austen,1192,train,3.416497802734375
7,austen,1192,baum,7.398755264282227
7,austen,1192,thompson,8.123441378275553
7,austen,1192,dickens,7.209609429041545
7,austen,1192,melville,7.818368593851726
7,austen,1192,wells,7.468667268753052
7,austen,1192,austen,5.299787616729736
7,austen,1192,fitzgerald,7.667877067219127
7,austen,1192,twain,7.708211972163274
7,austen,1193,train,3.4105790138244627
7,austen,1193,baum,7.417148113250732
7,austen,1193,thompson,8.149640719095865
7,austen,1193,dickens,7.233069393369886
7,austen,1193,melville,7.853331406911214
7,austen,1193,wells,7.498402039210002
7,austen,1193,austen,5.291365456581116
7,austen,1193,fitzgerald,7.69626335664229
7,austen,1193,twain,7.7426323523888225
7,austen,1194,train,3.389778614044189
7,austen,1194,baum,7.403366470336914
7,austen,1194,thompson,8.134868939717611
7,austen,1194,dickens,7.217771132787068
7,austen,1194,melville,7.823078234990437
7,austen,1194,wells,7.470879316329956
7,austen,1194,austen,5.2857253074646
7,austen,1194,fitzgerald,7.680298155004328
7,austen,1194,twain,7.713859778184157
7,austen,1195,train,3.392818784713745
7,austen,1195,baum,7.419362735748291
7,austen,1195,thompson,8.160412470499674
7,austen,1195,dickens,7.236398802863227
7,austen,1195,melville,7.856560945510864
7,austen,1195,wells,7.490259806315104
7,austen,1195,austen,5.298633790016174
7,austen,1195,fitzgerald,7.690414515408602
7,austen,1195,twain,7.72694363960853
7,austen,1196,train,3.380724239349365
7,austen,1196,baum,7.424130916595459
7,austen,1196,thompson,8.155904452006022
7,austen,1196,dickens,7.240188148286608
7,austen,1196,melville,7.860647360483806
7,austen,1196,wells,7.495411078135173
7,austen,1196,austen,5.299950814247131
7,austen,1196,fitzgerald,7.701149333607066
7,austen,1196,twain,7.741923955770639
7,austen,1197,train,3.3631847381591795
7,austen,1197,baum,7.43396520614624
7,austen,1197,thompson,8.177506446838379
7,austen,1197,dickens,7.247791555192736
7,austen,1197,melville,7.868924856185913
7,austen,1197,wells,7.508780399958293
7,austen,1197,austen,5.296591186523438
7,austen,1197,fitzgerald,7.7112930904735215
7,austen,1197,twain,7.754421637608455
7,austen,1198,train,3.3807492733001707
7,austen,1198,baum,7.402752685546875
7,austen,1198,thompson,8.148948351542154
7,austen,1198,dickens,7.227590454949273
7,austen,1198,melville,7.845699310302734
7,austen,1198,wells,7.483277877171834
7,austen,1198,austen,5.294877910614014
7,austen,1198,fitzgerald,7.693062695589933
7,austen,1198,twain,7.729665169349084
7,austen,1199,train,3.3751331329345704
7,austen,1199,baum,7.414652729034424
7,austen,1199,thompson,8.151009877522787
7,austen,1199,dickens,7.238523059421116
7,austen,1199,melville,7.8368362585703535
7,austen,1199,wells,7.48456613222758
7,austen,1199,austen,5.303284335136413
7,austen,1199,fitzgerald,7.68865476955067
7,austen,1199,twain,7.727685378148005
7,austen,1200,train,3.3635733127593994
7,austen,1200,baum,7.412347316741943
7,austen,1200,thompson,8.144344965616861
7,austen,1200,dickens,7.235340860154894
7,austen,1200,melville,7.855619430541992
7,austen,1200,wells,7.490594148635864
7,austen,1200,austen,5.30294451713562
7,austen,1200,fitzgerald,7.691625985232267
7,austen,1200,twain,7.732286673325759
7,austen,1201,train,3.3861481666564943
7,austen,1201,baum,7.421681213378906
7,austen,1201,thompson,8.150849342346191
7,austen,1201,dickens,7.236322985755073
7,austen,1201,melville,7.838767528533935
7,austen,1201,wells,7.486335674921672
7,austen,1201,austen,5.298429846763611
7,austen,1201,fitzgerald,7.692439122633501
7,austen,1201,twain,7.731655524327205
7,austen,1202,train,3.38355884552002
7,austen,1202,baum,7.417007541656494
7,austen,1202,thompson,8.149595578511557
7,austen,1202,dickens,7.237567053900824
7,austen,1202,melville,7.846482356389363
7,austen,1202,wells,7.493115504582723
7,austen,1202,austen,5.3016352891922
7,austen,1202,fitzgerald,7.69207932732322
7,austen,1202,twain,7.736999034881592
7,austen,1203,train,3.359449052810669
7,austen,1203,baum,7.417014694213867
7,austen,1203,thompson,8.150863329569498
7,austen,1203,dickens,7.231969118118286
7,austen,1203,melville,7.836138884226481
7,austen,1203,wells,7.483127276102702
7,austen,1203,austen,5.29941873550415
7,austen,1203,fitzgerald,7.691244905645197
7,austen,1203,twain,7.727118051969088
7,austen,1204,train,3.358385801315308
7,austen,1204,baum,7.415998458862305
7,austen,1204,thompson,8.142276446024576
7,austen,1204,dickens,7.232827769385444
7,austen,1204,melville,7.8429114818573
7,austen,1204,wells,7.48346471786499
7,austen,1204,austen,5.302002906799316
7,austen,1204,fitzgerald,7.690067377957431
7,austen,1204,twain,7.728718280792236
7,austen,1205,train,3.3687530517578126
7,austen,1205,baum,7.418715476989746
7,austen,1205,thompson,8.151987393697103
7,austen,1205,dickens,7.237521621916029
7,austen,1205,melville,7.852437575658162
7,austen,1205,wells,7.487902720769246
7,austen,1205,austen,5.299368786811828
7,austen,1205,fitzgerald,7.69792331348766
7,austen,1205,twain,7.736698297353891
7,austen,1206,train,3.3552412033081054
7,austen,1206,baum,7.42199821472168
7,austen,1206,thompson,8.164240519205729
7,austen,1206,dickens,7.248943010965983
7,austen,1206,melville,7.85351578394572
7,austen,1206,wells,7.499188979466756
7,austen,1206,austen,5.306774544715881
7,austen,1206,fitzgerald,7.70355358990756
7,austen,1206,twain,7.746425518622765
7,austen,1207,train,3.363209342956543
7,austen,1207,baum,7.42106876373291
7,austen,1207,thompson,8.164456049601236
7,austen,1207,dickens,7.241657257080078
7,austen,1207,melville,7.854556401570638
7,austen,1207,wells,7.495351314544678
7,austen,1207,austen,5.299586510658264
7,austen,1207,fitzgerald,7.701073516498912
7,austen,1207,twain,7.739097118377685
7,austen,1208,train,3.3604719638824463
7,austen,1208,baum,7.440508556365967
7,austen,1208,thompson,8.19218667348226
7,austen,1208,dickens,7.261065483093262
7,austen,1208,melville,7.88019076983134
7,austen,1208,wells,7.519609769185384
7,austen,1208,austen,5.302552556991577
7,austen,1208,fitzgerald,7.720945531671697
7,austen,1208,twain,7.765827142275297
7,austen,1209,train,3.353678226470948
7,austen,1209,baum,7.421308803558349
7,austen,1209,thompson,8.167253812154135
7,austen,1209,dickens,7.244438197877672
7,austen,1209,melville,7.857836882273356
7,austen,1209,wells,7.495945294698079
7,austen,1209,austen,5.306536769866943
7,austen,1209,fitzgerald,7.702867464585737
7,austen,1209,twain,7.738480898050161
7,austen,1210,train,3.371794080734253
7,austen,1210,baum,7.427701091766357
7,austen,1210,thompson,8.161731402079264
7,austen,1210,dickens,7.242390367719862
7,austen,1210,melville,7.845548550287883
7,austen,1210,wells,7.491384744644165
7,austen,1210,austen,5.303329849243164
7,austen,1210,fitzgerald,7.700026728890159
7,austen,1210,twain,7.733772828028752
7,austen,1211,train,3.331292915344238
7,austen,1211,baum,7.428404808044434
7,austen,1211,thompson,8.154427210489908
7,austen,1211,dickens,7.243004560470581
7,austen,1211,melville,7.850274006525676
7,austen,1211,wells,7.497202714284261
7,austen,1211,austen,5.303667664527893
7,austen,1211,fitzgerald,7.706615534695712
7,austen,1211,twain,7.744370643909161
7,austen,1212,train,3.3198580741882324
7,austen,1212,baum,7.450539302825928
7,austen,1212,thompson,8.189671516418457
7,austen,1212,dickens,7.266087532043457
7,austen,1212,melville,7.87570842107137
7,austen,1212,wells,7.522744258244832
7,austen,1212,austen,5.31479423046112
7,austen,1212,fitzgerald,7.723392659967596
7,austen,1212,twain,7.770657612727239
7,austen,1213,train,3.340422487258911
7,austen,1213,baum,7.452877426147461
7,austen,1213,thompson,8.174280166625977
7,austen,1213,dickens,7.256147782007853
7,austen,1213,melville,7.875951608022054
7,austen,1213,wells,7.520740985870361
7,austen,1213,austen,5.30504994392395
7,austen,1213,fitzgerald,7.729641957716509
7,austen,1213,twain,7.76667910355788
7,austen,1214,train,3.342414379119873
7,austen,1214,baum,7.450904369354248
7,austen,1214,thompson,8.177360534667969
7,austen,1214,dickens,7.258329417970446
7,austen,1214,melville,7.864012002944946
7,austen,1214,wells,7.515792608261108
7,austen,1214,austen,5.313424587249756
7,austen,1214,fitzgerald,7.720367951826616
7,austen,1214,twain,7.757294178009033
7,austen,1215,train,3.352750539779663
7,austen,1215,baum,7.437823390960693
7,austen,1215,thompson,8.184369087219238
7,austen,1215,dickens,7.254060533311632
7,austen,1215,melville,7.863931496938069
7,austen,1215,wells,7.504018465677897
7,austen,1215,austen,5.30633659362793
7,austen,1215,fitzgerald,7.711374196139249
7,austen,1215,twain,7.74743259870089
7,austen,1216,train,3.3472225666046143
7,austen,1216,baum,7.450299072265625
7,austen,1216,thompson,8.176798820495605
7,austen,1216,dickens,7.264089425404866
7,austen,1216,melville,7.866143941879272
7,austen,1216,wells,7.5181238651275635
7,austen,1216,austen,5.32046332359314
7,austen,1216,fitzgerald,7.721077095378529
7,austen,1216,twain,7.761846248920147
7,austen,1217,train,3.354914903640747
7,austen,1217,baum,7.423686599731445
7,austen,1217,thompson,8.153624534606934
7,austen,1217,dickens,7.239664554595947
7,austen,1217,melville,7.843583742777507
7,austen,1217,wells,7.484531164169311
7,austen,1217,austen,5.30094428062439
7,austen,1217,fitzgerald,7.708148609508168
7,austen,1217,twain,7.72971171599168
7,austen,1218,train,3.3311347007751464
7,austen,1218,baum,7.450023174285889
7,austen,1218,thompson,8.189436276753744
7,austen,1218,dickens,7.267629120084974
7,austen,1218,melville,7.882817268371582
7,austen,1218,wells,7.523994445800781
7,austen,1218,austen,5.3109778881073
7,austen,1218,fitzgerald,7.726341551000422
7,austen,1218,twain,7.771350933955266
7,austen,1219,train,3.34280776977539
7,austen,1219,baum,7.437299823760986
7,austen,1219,thompson,8.172635078430176
7,austen,1219,dickens,7.261283185746935
7,austen,1219,melville,7.863780816396077
7,austen,1219,wells,7.507775942484538
7,austen,1219,austen,5.315687108039856
7,austen,1219,fitzgerald,7.712267658927224
7,austen,1219,twain,7.754356090839092
7,austen,1220,train,3.3550621509552
7,austen,1220,baum,7.4504646301269535
7,austen,1220,thompson,8.189209620157877
7,austen,1220,dickens,7.267956972122192
7,austen,1220,melville,7.8765602906545
7,austen,1220,wells,7.525832732518514
7,austen,1220,austen,5.306692337989807
7,austen,1220,fitzgerald,7.73125882582231
7,austen,1220,twain,7.772937737978422
7,austen,1221,train,3.309477615356445
7,austen,1221,baum,7.444572925567627
7,austen,1221,thompson,8.175859133402506
7,austen,1221,dickens,7.262371460596721
7,austen,1221,melville,7.869180838267009
7,austen,1221,wells,7.517590204874675
7,austen,1221,austen,5.3117012023925785
7,austen,1221,fitzgerald,7.726861823688853
7,austen,1221,twain,7.769123480870173
7,austen,1222,train,3.344339609146118
7,austen,1222,baum,7.470625400543213
7,austen,1222,thompson,8.21798292795817
7,austen,1222,dickens,7.291849984063043
7,austen,1222,melville,7.897607723871867
7,austen,1222,wells,7.540174643198649
7,austen,1222,austen,5.323685193061829
7,austen,1222,fitzgerald,7.745468659834429
7,austen,1222,twain,7.79455148256742
7,austen,1223,train,3.3642530918121336
7,austen,1223,baum,7.439200496673584
7,austen,1223,thompson,8.181807518005371
7,austen,1223,dickens,7.2640668286217585
7,austen,1223,melville,7.87830646832784
7,austen,1223,wells,7.516039689381917
7,austen,1223,austen,5.31222369670868
7,austen,1223,fitzgerald,7.718170296062123
7,austen,1223,twain,7.762204537024865
7,austen,1224,train,3.319268083572388
7,austen,1224,baum,7.45589771270752
7,austen,1224,thompson,8.195618311564127
7,austen,1224,dickens,7.280711544884576
7,austen,1224,melville,7.90024201075236
7,austen,1224,wells,7.540165662765503
7,austen,1224,austen,5.314618968963623
7,austen,1224,fitzgerald,7.741061167283491
7,austen,1224,twain,7.783173964573787
7,austen,1225,train,3.336933708190918
7,austen,1225,baum,7.461969375610352
7,austen,1225,thompson,8.190799395243326
7,austen,1225,dickens,7.276090939839681
7,austen,1225,melville,7.884756406148274
7,austen,1225,wells,7.532597144444783
7,austen,1225,austen,5.326933932304383
7,austen,1225,fitzgerald,7.736368829553777
7,austen,1225,twain,7.777031641740066
7,austen,1226,train,3.3192306041717528
7,austen,1226,baum,7.453157043457031
7,austen,1226,thompson,8.182644526163736
7,austen,1226,dickens,7.263207170698378
7,austen,1226,melville,7.87139892578125
7,austen,1226,wells,7.515384594599406
7,austen,1226,austen,5.323112797737122
7,austen,1226,fitzgerald,7.722755562175404
7,austen,1226,twain,7.755144009223351
7,austen,1227,train,3.349031448364258
7,austen,1227,baum,7.427688312530518
7,austen,1227,thompson,8.154376983642578
7,austen,1227,dickens,7.240211592780219
7,austen,1227,melville,7.854577938715617
7,austen,1227,wells,7.498739401499431
7,austen,1227,austen,5.315016603469848
7,austen,1227,fitzgerald,7.705853852358731
7,austen,1227,twain,7.736145826486441
7,austen,1228,train,3.334752941131592
7,austen,1228,baum,7.470498085021973
7,austen,1228,thompson,8.209312438964844
7,austen,1228,dickens,7.27629476123386
7,austen,1228,melville,7.901646614074707
7,austen,1228,wells,7.545336008071899
7,austen,1228,austen,5.324635481834411
7,austen,1228,fitzgerald,7.7517312656749375
7,austen,1228,twain,7.792714852553147
7,austen,1229,train,3.31658935546875
7,austen,1229,baum,7.472383117675781
7,austen,1229,thompson,8.212072690327963
7,austen,1229,dickens,7.279518365859985
7,austen,1229,melville,7.904631694157918
7,austen,1229,wells,7.54052193959554
7,austen,1229,austen,5.320352363586426
7,austen,1229,fitzgerald,7.749736222353849
7,austen,1229,twain,7.788006635812611
7,austen,1230,train,3.3233519077301024
7,austen,1230,baum,7.465347957611084
7,austen,1230,thompson,8.197573026021322
7,austen,1230,dickens,7.270934369828966
7,austen,1230,melville,7.890408913294475
7,austen,1230,wells,7.528043588002522
7,austen,1230,austen,5.3299078941345215
7,austen,1230,fitzgerald,7.739138299768621
7,austen,1230,twain,7.7704237424410305
7,austen,1231,train,3.331408405303955
7,austen,1231,baum,7.4551959991455075
7,austen,1231,thompson,8.204695065816244
7,austen,1231,dickens,7.282512134975857
7,austen,1231,melville,7.908825556437175
7,austen,1231,wells,7.54167636235555
7,austen,1231,austen,5.3165342807769775
7,austen,1231,fitzgerald,7.7415570779280225
7,austen,1231,twain,7.785625201005202
7,austen,1232,train,3.31020565032959
7,austen,1232,baum,7.449015045166016
7,austen,1232,thompson,8.185859362284342
7,austen,1232,dickens,7.270996464623345
7,austen,1232,melville,7.8850633303324384
7,austen,1232,wells,7.526407241821289
7,austen,1232,austen,5.319287109375
7,austen,1232,fitzgerald,7.733221054077148
7,austen,1232,twain,7.768600940704346
7,austen,1233,train,3.336073875427246
7,austen,1233,baum,7.479309749603272
7,austen,1233,thompson,8.211359024047852
7,austen,1233,dickens,7.291165007485284
7,austen,1233,melville,7.906237443288167
7,austen,1233,wells,7.557132959365845
7,austen,1233,austen,5.33789587020874
7,austen,1233,fitzgerald,7.753605018962514
7,austen,1233,twain,7.795396841489351
7,austen,1234,train,3.289361906051636
7,austen,1234,baum,7.453046894073486
7,austen,1234,thompson,8.20078976949056
7,austen,1234,dickens,7.283388667636448
7,austen,1234,melville,7.901122013727824
7,austen,1234,wells,7.550953865051269
7,austen,1234,austen,5.324759817123413
7,austen,1234,fitzgerald,7.745028842579234
7,austen,1234,twain,7.789631696847769
7,austen,1235,train,3.344710111618042
7,austen,1235,baum,7.4520923614501955
7,austen,1235,thompson,8.201446851094564
7,austen,1235,dickens,7.272008498509725
7,austen,1235,melville,7.890279928843181
7,austen,1235,wells,7.533310254414876
7,austen,1235,austen,5.324812602996826
7,austen,1235,fitzgerald,7.730729233134877
7,austen,1235,twain,7.7698654028085565
7,austen,1236,train,3.3179881095886232
7,austen,1236,baum,7.444035148620605
7,austen,1236,thompson,8.185637474060059
7,austen,1236,dickens,7.275236792034573
7,austen,1236,melville,7.88744330406189
7,austen,1236,wells,7.536617279052734
7,austen,1236,austen,5.323138737678528
7,austen,1236,fitzgerald,7.737042817202481
7,austen,1236,twain,7.774293202620286
7,austen,1237,train,3.3089088916778566
7,austen,1237,baum,7.4482879638671875
7,austen,1237,thompson,8.202147483825684
7,austen,1237,dickens,7.280419614579943
7,austen,1237,melville,7.897287527720134
7,austen,1237,wells,7.534510612487793
7,austen,1237,austen,5.319918584823609
7,austen,1237,fitzgerald,7.735595052892512
7,austen,1237,twain,7.775835000551664
7,austen,1238,train,3.316652584075928
7,austen,1238,baum,7.467196464538574
7,austen,1238,thompson,8.204850514729818
7,austen,1238,dickens,7.27802832921346
7,austen,1238,melville,7.892772038777669
7,austen,1238,wells,7.542122602462768
7,austen,1238,austen,5.324657511711121
7,austen,1238,fitzgerald,7.749393679878929
7,austen,1238,twain,7.781508409059965
7,austen,1239,train,3.305825662612915
7,austen,1239,baum,7.469549465179443
7,austen,1239,thompson,8.210482915242514
7,austen,1239,dickens,7.282124572330051
7,austen,1239,melville,7.902782519658406
7,austen,1239,wells,7.542746782302856
7,austen,1239,austen,5.3283007621765135
7,austen,1239,fitzgerald,7.748303283344615
7,austen,1239,twain,7.789006673372709
7,austen,1240,train,3.31845440864563
7,austen,1240,baum,7.46296329498291
7,austen,1240,thompson,8.212441126505533
7,austen,1240,dickens,7.282599025302463
7,austen,1240,melville,7.898893038431804
7,austen,1240,wells,7.541258653004964
7,austen,1240,austen,5.32350378036499
7,austen,1240,fitzgerald,7.747726743871516
7,austen,1240,twain,7.782080430250901
7,austen,1241,train,3.3145139694213865
7,austen,1241,baum,7.46840009689331
7,austen,1241,thompson,8.214723904927572
7,austen,1241,dickens,7.298704995049371
7,austen,1241,melville,7.909203926722209
7,austen,1241,wells,7.553733746210734
7,austen,1241,austen,5.3271809101104735
7,austen,1241,fitzgerald,7.757987672632391
7,austen,1241,twain,7.801414306347187
7,austen,1242,train,3.2934946537017824
7,austen,1242,baum,7.478979110717773
7,austen,1242,thompson,8.222371737162272
7,austen,1242,dickens,7.302275074852837
7,austen,1242,melville,7.914867162704468
7,austen,1242,wells,7.562828938166301
7,austen,1242,austen,5.326973176002502
7,austen,1242,fitzgerald,7.762250943617388
7,austen,1242,twain,7.808185797471267
7,austen,1243,train,3.303072214126587
7,austen,1243,baum,7.474299907684326
7,austen,1243,thompson,8.228308041890463
7,austen,1243,dickens,7.301364448335436
7,austen,1243,melville,7.91095248858134
7,austen,1243,wells,7.554702043533325
7,austen,1243,austen,5.324108028411866
7,austen,1243,fitzgerald,7.759448051452637
7,austen,1243,twain,7.800434662745549
7,austen,1244,train,3.3210897922515867
7,austen,1244,baum,7.494677925109864
7,austen,1244,thompson,8.245402654012045
7,austen,1244,dickens,7.314323981602986
7,austen,1244,melville,7.937734524408976
7,austen,1244,wells,7.579931100209554
7,austen,1244,austen,5.332106828689575
7,austen,1244,fitzgerald,7.777535698630593
7,austen,1244,twain,7.825047456301176
7,austen,1245,train,3.31160454750061
7,austen,1245,baum,7.479703712463379
7,austen,1245,thompson,8.22132428487142
7,austen,1245,dickens,7.296914524502224
7,austen,1245,melville,7.911596059799194
7,austen,1245,wells,7.5562567710876465
7,austen,1245,austen,5.320234513282776
7,austen,1245,fitzgerald,7.761284481395375
7,austen,1245,twain,7.80318652666532
7,austen,1246,train,3.2765642642974853
7,austen,1246,baum,7.471824169158935
7,austen,1246,thompson,8.217209815979004
7,austen,1246,dickens,7.29980116420322
7,austen,1246,melville,7.900203227996826
7,austen,1246,wells,7.547014554341634
7,austen,1246,austen,5.337990641593933
7,austen,1246,fitzgerald,7.751847397197377
7,austen,1246,twain,7.799641719231238
7,austen,1247,train,3.2836556911468504
7,austen,1247,baum,7.500603485107422
7,austen,1247,thompson,8.24722989400228
7,austen,1247,dickens,7.318069802390204
7,austen,1247,melville,7.936933358510335
7,austen,1247,wells,7.582478125890096
7,austen,1247,austen,5.336908411979676
7,austen,1247,fitzgerald,7.784758047624067
7,austen,1247,twain,7.828133876507099
7,austen,1248,train,3.2956161975860594
7,austen,1248,baum,7.479238796234131
7,austen,1248,thompson,8.232151667277018
7,austen,1248,dickens,7.299170176188151
7,austen,1248,melville,7.917966365814209
7,austen,1248,wells,7.554739952087402
7,austen,1248,austen,5.328946828842163
7,austen,1248,fitzgerald,7.768279422413219
7,austen,1248,twain,7.802114633413462
7,austen,1249,train,3.289594602584839
7,austen,1249,baum,7.500728511810303
7,austen,1249,thompson,8.254993756612143
7,austen,1249,dickens,7.318112320370144
7,austen,1249,melville,7.937877416610718
7,austen,1249,wells,7.57978884379069
7,austen,1249,austen,5.335039663314819
7,austen,1249,fitzgerald,7.785804531790993
7,austen,1249,twain,7.823974132537842
7,austen,1250,train,3.3047673225402834
7,austen,1250,baum,7.490128231048584
7,austen,1250,thompson,8.256918907165527
7,austen,1250,dickens,7.324025842878553
7,austen,1250,melville,7.945921341578166
7,austen,1250,wells,7.586412191390991
7,austen,1250,austen,5.337196946144104
7,austen,1250,fitzgerald,7.785358732396906
7,austen,1250,twain,7.829681176405686
7,austen,1251,train,3.3179699897766115
7,austen,1251,baum,7.5001812934875485
7,austen,1251,thompson,8.242310841878256
7,austen,1251,dickens,7.319932354821099
7,austen,1251,melville,7.939996878306071
7,austen,1251,wells,7.584818998972575
7,austen,1251,austen,5.341499757766724
7,austen,1251,fitzgerald,7.7873333584178575
7,austen,1251,twain,7.825263903691218
7,austen,1252,train,3.3108076095581054
7,austen,1252,baum,7.467047595977784
7,austen,1252,thompson,8.204880396525065
7,austen,1252,dickens,7.280040926403469
7,austen,1252,melville,7.887725273768107
7,austen,1252,wells,7.533385276794434
7,austen,1252,austen,5.327788400650024
7,austen,1252,fitzgerald,7.750799179077148
7,austen,1252,twain,7.77740555543166
7,austen,1253,train,3.2985048294067383
7,austen,1253,baum,7.476540851593017
7,austen,1253,thompson,8.23116938273112
7,austen,1253,dickens,7.29075895415412
7,austen,1253,melville,7.913576602935791
7,austen,1253,wells,7.562678257624309
7,austen,1253,austen,5.3281514883041385
7,austen,1253,fitzgerald,7.768109841780229
7,austen,1253,twain,7.80562609892625
7,austen,1254,train,3.2806819438934327
7,austen,1254,baum,7.49602746963501
7,austen,1254,thompson,8.250728607177734
7,austen,1254,dickens,7.317086723115709
7,austen,1254,melville,7.9399294058481855
7,austen,1254,wells,7.584073384602864
7,austen,1254,austen,5.344533348083496
7,austen,1254,fitzgerald,7.78278095071966
7,austen,1254,twain,7.827061139620268
7,austen,1255,train,3.294135332107544
7,austen,1255,baum,7.4886175155639645
7,austen,1255,thompson,8.235995610555014
7,austen,1255,dickens,7.304084751341078
7,austen,1255,melville,7.925854603449504
7,austen,1255,wells,7.565551678339641
7,austen,1255,austen,5.33247344493866
7,austen,1255,fitzgerald,7.773577430031517
7,austen,1255,twain,7.807965645423303
7,austen,1256,train,3.291860580444336
7,austen,1256,baum,7.468088531494141
7,austen,1256,thompson,8.191067059834799
7,austen,1256,dickens,7.273257149590386
7,austen,1256,melville,7.886030356089274
7,austen,1256,wells,7.534109830856323
7,austen,1256,austen,5.342980241775512
7,austen,1256,fitzgerald,7.747379649769176
7,austen,1256,twain,7.77326697569627
7,austen,1257,train,3.29162974357605
7,austen,1257,baum,7.48884334564209
7,austen,1257,thompson,8.245790481567383
7,austen,1257,dickens,7.305681546529134
7,austen,1257,melville,7.93522580464681
7,austen,1257,wells,7.5805933475494385
7,austen,1257,austen,5.335278105735779
7,austen,1257,fitzgerald,7.782970948652788
7,austen,1257,twain,7.8182621368995076
7,austen,1258,train,3.277724409103393
7,austen,1258,baum,7.493823146820068
7,austen,1258,thompson,8.250336011250814
7,austen,1258,dickens,7.314574056201511
7,austen,1258,melville,7.934139649073283
7,austen,1258,wells,7.577654918034871
7,austen,1258,austen,5.345176243782044
7,austen,1258,fitzgerald,7.784646164287221
7,austen,1258,twain,7.818730354309082
7,austen,1259,train,3.300845432281494
7,austen,1259,baum,7.511738872528076
7,austen,1259,thompson,8.268986701965332
7,austen,1259,dickens,7.333649900224474
7,austen,1259,melville,7.951334555943807
7,austen,1259,wells,7.59552796681722
7,austen,1259,austen,5.346401381492615
7,austen,1259,fitzgerald,7.800854206085205
7,austen,1259,twain,7.844356646904578
7,austen,1260,train,3.284872961044312
7,austen,1260,baum,7.494579696655274
7,austen,1260,thompson,8.242891947428385
7,austen,1260,dickens,7.321970701217651
7,austen,1260,melville,7.936679681142171
7,austen,1260,wells,7.580228169759114
7,austen,1260,austen,5.344521832466126
7,austen,1260,fitzgerald,7.782114722511985
7,austen,1260,twain,7.824122428894043
7,austen,1261,train,3.28851523399353
7,austen,1261,baum,7.5079296112060545
7,austen,1261,thompson,8.248462041219076
7,austen,1261,dickens,7.334165175755818
7,austen,1261,melville,7.949241002400716
7,austen,1261,wells,7.593722899754842
7,austen,1261,austen,5.346656942367554
7,austen,1261,fitzgerald,7.79181077263572
7,austen,1261,twain,7.8464023149930515
7,austen,1262,train,3.2761035442352293
7,austen,1262,baum,7.481816387176513
7,austen,1262,thompson,8.223758379618326
7,austen,1262,dickens,7.304862154854669
7,austen,1262,melville,7.913061698277791
7,austen,1262,wells,7.560086091359456
7,austen,1262,austen,5.333923149108887
7,austen,1262,fitzgerald,7.768633885817095
7,austen,1262,twain,7.802578082451453
7,austen,1263,train,3.283092403411865
7,austen,1263,baum,7.495380210876465
7,austen,1263,thompson,8.241475741068522
7,austen,1263,dickens,7.326647202173869
7,austen,1263,melville,7.923506339391072
7,austen,1263,wells,7.57158350944519
7,austen,1263,austen,5.339449763298035
7,austen,1263,fitzgerald,7.773694125088778
7,austen,1263,twain,7.821404347052941
7,austen,1264,train,3.304913425445557
7,austen,1264,baum,7.497195720672607
7,austen,1264,thompson,8.242691357930502
7,austen,1264,dickens,7.317980925242106
7,austen,1264,melville,7.923616488774617
7,austen,1264,wells,7.571649551391602
7,austen,1264,austen,5.3446937799453735
7,austen,1264,fitzgerald,7.773306413130327
7,austen,1264,twain,7.813580182882456
7,austen,1265,train,3.2797903537750246
7,austen,1265,baum,7.477844810485839
7,austen,1265,thompson,8.214933713277182
7,austen,1265,dickens,7.30045681529575
7,austen,1265,melville,7.915847778320312
7,austen,1265,wells,7.560160080591838
7,austen,1265,austen,5.337918782234192
7,austen,1265,fitzgerald,7.762936982241544
7,austen,1265,twain,7.801373224992019
7,austen,1266,train,3.2908515453338625
7,austen,1266,baum,7.513966369628906
7,austen,1266,thompson,8.266652743021647
7,austen,1266,dickens,7.330129093594021
7,austen,1266,melville,7.954476674397786
7,austen,1266,wells,7.603805383046468
7,austen,1266,austen,5.3456464290618895
7,austen,1266,fitzgerald,7.80227145281705
7,austen,1266,twain,7.851194931910588
7,austen,1267,train,3.2857404708862306
7,austen,1267,baum,7.493878841400146
7,austen,1267,thompson,8.236263275146484
7,austen,1267,dickens,7.315629058414036
7,austen,1267,melville,7.916780471801758
7,austen,1267,wells,7.558215936024983
7,austen,1267,austen,5.348922514915467
7,austen,1267,fitzgerald,7.766849474473433
7,austen,1267,twain,7.808563709259033
7,austen,1268,train,3.297061014175415
7,austen,1268,baum,7.490227794647216
7,austen,1268,thompson,8.238424936930338
7,austen,1268,dickens,7.31218777762519
7,austen,1268,melville,7.9155581792195635
7,austen,1268,wells,7.5581709543863935
7,austen,1268,austen,5.348526287078857
7,austen,1268,fitzgerald,7.76496410369873
7,austen,1268,twain,7.805469072782076
7,austen,1269,train,3.264069986343384
7,austen,1269,baum,7.51363172531128
7,austen,1269,thompson,8.268656730651855
7,austen,1269,dickens,7.333467218610975
7,austen,1269,melville,7.949601809183757
7,austen,1269,wells,7.588553349177043
7,austen,1269,austen,5.340111470222473
7,austen,1269,fitzgerald,7.795557498931885
7,austen,1269,twain,7.838783704317533
7,austen,1270,train,3.270863914489746
7,austen,1270,baum,7.497298431396483
7,austen,1270,thompson,8.2355105082194
7,austen,1270,dickens,7.31308020485772
7,austen,1270,melville,7.920538743336995
7,austen,1270,wells,7.566639105478923
7,austen,1270,austen,5.347370839118957
7,austen,1270,fitzgerald,7.776359991593794
7,austen,1270,twain,7.816061350015493
7,austen,1271,train,3.305939054489136
7,austen,1271,baum,7.525721740722656
7,austen,1271,thompson,8.2735595703125
7,austen,1271,dickens,7.338278452555339
7,austen,1271,melville,7.966293255488078
7,austen,1271,wells,7.601064205169678
7,austen,1271,austen,5.346808338165284
7,austen,1271,fitzgerald,7.805618676272306
7,austen,1271,twain,7.845226324521578
7,austen,1272,train,3.25958833694458
7,austen,1272,baum,7.510203742980957
7,austen,1272,thompson,8.268962860107422
7,austen,1272,dickens,7.330377366807726
7,austen,1272,melville,7.951197147369385
7,austen,1272,wells,7.5924670696258545
7,austen,1272,austen,5.353705883026123
7,austen,1272,fitzgerald,7.794220577586781
7,austen,1272,twain,7.840857065640963
7,austen,1273,train,3.2818057537078857
7,austen,1273,baum,7.493934535980225
7,austen,1273,thompson,8.237336794535318
7,austen,1273,dickens,7.313101689020793
7,austen,1273,melville,7.925607204437256
7,austen,1273,wells,7.572914759318034
7,austen,1273,austen,5.341265225410462
7,austen,1273,fitzgerald,7.778761863708496
7,austen,1273,twain,7.813441790067232
7,austen,1274,train,3.2743618965148924
7,austen,1274,baum,7.490493202209473
7,austen,1274,thompson,8.248699188232422
7,austen,1274,dickens,7.324486123190986
7,austen,1274,melville,7.9358283678690595
7,austen,1274,wells,7.576201438903809
7,austen,1274,austen,5.349384522438049
7,austen,1274,fitzgerald,7.783919724551114
7,austen,1274,twain,7.826526495126577
7,austen,1275,train,3.2525103092193604
7,austen,1275,baum,7.528629207611084
7,austen,1275,thompson,8.28062661488851
7,austen,1275,dickens,7.351414812935723
7,austen,1275,melville,7.975603103637695
7,austen,1275,wells,7.611770788828532
7,austen,1275,austen,5.353804779052735
7,austen,1275,fitzgerald,7.81472431529652
7,austen,1275,twain,7.864080979273869
7,austen,1276,train,3.2336311817169188
7,austen,1276,baum,7.512109279632568
7,austen,1276,thompson,8.266667048136393
7,austen,1276,dickens,7.334363063176473
7,austen,1276,melville,7.943244139353434
7,austen,1276,wells,7.589932680130005
7,austen,1276,austen,5.353447270393372
7,austen,1276,fitzgerald,7.797299385070801
7,austen,1276,twain,7.83458662033081
7,austen,1277,train,3.2830123901367188
7,austen,1277,baum,7.490946102142334
7,austen,1277,thompson,8.224567731221518
7,austen,1277,dickens,7.311042388280232
7,austen,1277,melville,7.916025797526042
7,austen,1277,wells,7.558363040288289
7,austen,1277,austen,5.348038840293884
7,austen,1277,fitzgerald,7.7692999406294385
7,austen,1277,twain,7.798340027148907
7,austen,1278,train,3.2435279846191407
7,austen,1278,baum,7.528810024261475
7,austen,1278,thompson,8.274905840555826
7,austen,1278,dickens,7.346418274773492
7,austen,1278,melville,7.960908810297648
7,austen,1278,wells,7.602643092473348
7,austen,1278,austen,5.367159008979797
7,austen,1278,fitzgerald,7.801186388189143
7,austen,1278,twain,7.85184093622061
7,austen,1279,train,3.261606740951538
7,austen,1279,baum,7.550334167480469
7,austen,1279,thompson,8.299237251281738
7,austen,1279,dickens,7.369977580176459
7,austen,1279,melville,7.997806151707967
7,austen,1279,wells,7.633561293284099
7,austen,1279,austen,5.357872056961059
7,austen,1279,fitzgerald,7.834212910045277
7,austen,1279,twain,7.891675215501052
7,austen,1280,train,3.25704951286316
7,austen,1280,baum,7.524699878692627
7,austen,1280,thompson,8.280550003051758
7,austen,1280,dickens,7.346586147944133
7,austen,1280,melville,7.968445380528768
7,austen,1280,wells,7.610140005747477
7,austen,1280,austen,5.363120365142822
7,austen,1280,fitzgerald,7.807494336908514
7,austen,1280,twain,7.857678963587834
7,austen,1281,train,3.2780394077301027
7,austen,1281,baum,7.528443717956543
7,austen,1281,thompson,8.286458015441895
7,austen,1281,dickens,7.344819254345364
7,austen,1281,melville,7.963029702504476
7,austen,1281,wells,7.600091695785522
7,austen,1281,austen,5.35492970943451
7,austen,1281,fitzgerald,7.808049418709495
7,austen,1281,twain,7.849970194009634
7,austen,1282,train,3.277359294891357
7,austen,1282,baum,7.529456424713135
7,austen,1282,thompson,8.280832926432291
7,austen,1282,dickens,7.356629504097833
7,austen,1282,melville,7.966887791951497
7,austen,1282,wells,7.602058569590251
7,austen,1282,austen,5.362189912796021
7,austen,1282,fitzgerald,7.805511604655873
7,austen,1282,twain,7.856632122626672
7,austen,1283,train,3.2496734142303465
7,austen,1283,baum,7.530350589752198
7,austen,1283,thompson,8.28544012705485
7,austen,1283,dickens,7.356439537472195
7,austen,1283,melville,7.9644215901692705
7,austen,1283,wells,7.608614842096965
7,austen,1283,austen,5.3545773983001705
7,austen,1283,fitzgerald,7.811242146925493
7,austen,1283,twain,7.864029994377723
7,austen,1284,train,3.2469639778137207
7,austen,1284,baum,7.529049491882324
7,austen,1284,thompson,8.285244305928549
7,austen,1284,dickens,7.349112775590685
7,austen,1284,melville,7.960864067077637
7,austen,1284,wells,7.607690413792928
7,austen,1284,austen,5.356534075737
7,austen,1284,fitzgerald,7.81638730656017
7,austen,1284,twain,7.852464749262883
7,austen,1285,train,3.242332983016968
7,austen,1285,baum,7.52519941329956
7,austen,1285,thompson,8.273458480834961
7,austen,1285,dickens,7.336756043963962
7,austen,1285,melville,7.938579003016154
7,austen,1285,wells,7.579650481541951
7,austen,1285,austen,5.358563113212585
7,austen,1285,fitzgerald,7.795335986397483
7,austen,1285,twain,7.828625348898081
7,austen,1286,train,3.234385442733765
7,austen,1286,baum,7.519777107238769
7,austen,1286,thompson,8.268612543741861
7,austen,1286,dickens,7.341525978512234
7,austen,1286,melville,7.949079275131226
7,austen,1286,wells,7.584603150685628
7,austen,1286,austen,5.360586905479432
7,austen,1286,fitzgerald,7.796343803405762
7,austen,1286,twain,7.832437625298133
7,austen,1287,train,3.243350458145142
7,austen,1287,baum,7.506581592559814
7,austen,1287,thompson,8.25782330830892
7,austen,1287,dickens,7.3235641585456
7,austen,1287,melville,7.93388573328654
7,austen,1287,wells,7.571254809697469
7,austen,1287,austen,5.351865148544311
7,austen,1287,fitzgerald,7.78571046482433
7,austen,1287,twain,7.8152301494891825
7,austen,1288,train,3.259646940231323
7,austen,1288,baum,7.515841674804688
7,austen,1288,thompson,8.256901423136393
7,austen,1288,dickens,7.33544905980428
7,austen,1288,melville,7.942998329798381
7,austen,1288,wells,7.586117347081502
7,austen,1288,austen,5.358837080001831
7,austen,1288,fitzgerald,7.793709581548518
7,austen,1288,twain,7.827780576852652
7,austen,1289,train,3.258564758300781
7,austen,1289,baum,7.531411170959473
7,austen,1289,thompson,8.281975110371908
7,austen,1289,dickens,7.346530119578044
7,austen,1289,melville,7.96712597211202
7,austen,1289,wells,7.60274616877238
7,austen,1289,austen,5.356986784934998
7,austen,1289,fitzgerald,7.809261018579656
7,austen,1289,twain,7.84587808755728
7,austen,1290,train,3.2533209800720213
7,austen,1290,baum,7.524882221221924
7,austen,1290,thompson,8.288304011027018
7,austen,1290,dickens,7.35596391889784
7,austen,1290,melville,7.971592426300049
7,austen,1290,wells,7.608280658721924
7,austen,1290,austen,5.356214141845703
7,austen,1290,fitzgerald,7.816257910294966
7,austen,1290,twain,7.857270864339975
7,austen,1291,train,3.26762375831604
7,austen,1291,baum,7.534008598327636
7,austen,1291,thompson,8.290201187133789
7,austen,1291,dickens,7.356315639283922
7,austen,1291,melville,7.969901243845622
7,austen,1291,wells,7.607079426447551
7,austen,1291,austen,5.360558223724365
7,austen,1291,fitzgerald,7.819619005376643
7,austen,1291,twain,7.86452054977417
7,austen,1292,train,3.23181266784668
7,austen,1292,baum,7.519017601013184
7,austen,1292,thompson,8.263036410013834
7,austen,1292,dickens,7.335408528645833
7,austen,1292,melville,7.939393361409505
7,austen,1292,wells,7.586677630742391
7,austen,1292,austen,5.358551263809204
7,austen,1292,fitzgerald,7.801451249556108
7,austen,1292,twain,7.831982685969426
7,austen,1293,train,3.2258299827575683
7,austen,1293,baum,7.515986919403076
7,austen,1293,thompson,8.270439465840658
7,austen,1293,dickens,7.342719369464451
7,austen,1293,melville,7.954693714777629
7,austen,1293,wells,7.600225607554118
7,austen,1293,austen,5.356002283096314
7,austen,1293,fitzgerald,7.808549924330278
7,austen,1293,twain,7.843073881589449
7,austen,1294,train,3.2460783958435058
7,austen,1294,baum,7.552787971496582
7,austen,1294,thompson,8.312441190083822
7,austen,1294,dickens,7.382040156258477
7,austen,1294,melville,8.00212279955546
7,austen,1294,wells,7.648493687311809
7,austen,1294,austen,5.372378396987915
7,austen,1294,fitzgerald,7.846314950422808
7,austen,1294,twain,7.897372502547044
7,austen,1295,train,3.240630292892456
7,austen,1295,baum,7.531498622894287
7,austen,1295,thompson,8.286239306131998
7,austen,1295,dickens,7.366295390658909
7,austen,1295,melville,7.981687704722087
7,austen,1295,wells,7.62480092048645
7,austen,1295,austen,5.358579969406128
7,austen,1295,fitzgerald,7.828901290893555
7,austen,1295,twain,7.871291490701529
7,austen,1296,train,3.2413876056671143
7,austen,1296,baum,7.530505466461181
7,austen,1296,thompson,8.287236213684082
7,austen,1296,dickens,7.361958609686957
7,austen,1296,melville,7.968642473220825
7,austen,1296,wells,7.612935702006022
7,austen,1296,austen,5.366382384300232
7,austen,1296,fitzgerald,7.81609973040494
7,austen,1296,twain,7.861640013181246
7,austen,1297,train,3.237771892547608
7,austen,1297,baum,7.548080730438232
7,austen,1297,thompson,8.298303922017416
7,austen,1297,dickens,7.361202743318346
7,austen,1297,melville,7.979794820149739
7,austen,1297,wells,7.625124136606852
7,austen,1297,austen,5.368389105796814
7,austen,1297,fitzgerald,7.826820503581654
7,austen,1297,twain,7.872235298156738
7,austen,1298,train,3.2483264923095705
7,austen,1298,baum,7.553779220581054
7,austen,1298,thompson,8.307900110880533
7,austen,1298,dickens,7.370735141966078
7,austen,1298,melville,7.9837586879730225
7,austen,1298,wells,7.633468230565389
7,austen,1298,austen,5.368135476112366
7,austen,1298,fitzgerald,7.835916735909202
7,austen,1298,twain,7.878581780653733
7,austen,1299,train,3.208692026138306
7,austen,1299,baum,7.54527587890625
7,austen,1299,thompson,8.299539566040039
7,austen,1299,dickens,7.365672296947903
7,austen,1299,melville,7.973297437032063
7,austen,1299,wells,7.624224901199341
7,austen,1299,austen,5.371588206291198
7,austen,1299,fitzgerald,7.828253529288552
7,austen,1299,twain,7.872378422663762
7,austen,1300,train,3.220413303375244
7,austen,1300,baum,7.590947914123535
7,austen,1300,thompson,8.346537272135416
7,austen,1300,dickens,7.405150598949856
7,austen,1300,melville,8.0301407178243
7,austen,1300,wells,7.677133560180664
7,austen,1300,austen,5.374121427536011
7,austen,1300,fitzgerald,7.8813982009887695
7,austen,1300,twain,7.928743545825664
7,austen,1301,train,3.222764492034912
7,austen,1301,baum,7.547049903869629
7,austen,1301,thompson,8.305312792460123
7,austen,1301,dickens,7.376001781887478
7,austen,1301,melville,7.98768949508667
7,austen,1301,wells,7.638454834620158
7,austen,1301,austen,5.371293926239014
7,austen,1301,fitzgerald,7.843648910522461
7,austen,1301,twain,7.881248510800875
7,austen,1302,train,3.2310853958129884
7,austen,1302,baum,7.54837999343872
7,austen,1302,thompson,8.310175577799479
7,austen,1302,dickens,7.373484585020277
7,austen,1302,melville,7.988427639007568
7,austen,1302,wells,7.631920576095581
7,austen,1302,austen,5.363996601104736
7,austen,1302,fitzgerald,7.841106848283247
7,austen,1302,twain,7.872113301203801
7,austen,1303,train,3.2225021362304687
7,austen,1303,baum,7.524553012847901
7,austen,1303,thompson,8.274356842041016
7,austen,1303,dickens,7.361810127894084
7,austen,1303,melville,7.949334939320882
7,austen,1303,wells,7.603567282358806
7,austen,1303,austen,5.367584919929504
7,austen,1303,fitzgerald,7.816006140275435
7,austen,1303,twain,7.84508910545936
7,austen,1304,train,3.235496425628662
7,austen,1304,baum,7.557631587982177
7,austen,1304,thompson,8.312153498331705
7,austen,1304,dickens,7.391087452570598
7,austen,1304,melville,7.99541449546814
7,austen,1304,wells,7.64833664894104
7,austen,1304,austen,5.385423350334167
7,austen,1304,fitzgerald,7.842970414595171
7,austen,1304,twain,7.889038746173565
7,austen,1305,train,3.2401493072509764
7,austen,1305,baum,7.542323112487793
7,austen,1305,thompson,8.282440503438314
7,austen,1305,dickens,7.368192354838054
7,austen,1305,melville,7.97176996866862
7,austen,1305,wells,7.624411424001058
7,austen,1305,austen,5.375225281715393
7,austen,1305,fitzgerald,7.822927778417414
7,austen,1305,twain,7.865566070263203
7,austen,1306,train,3.2340516090393066
7,austen,1306,baum,7.551307964324951
7,austen,1306,thompson,8.304736455281576
7,austen,1306,dickens,7.376309129926893
7,austen,1306,melville,7.979381958643596
7,austen,1306,wells,7.624622503916423
7,austen,1306,austen,5.372867846488953
7,austen,1306,fitzgerald,7.839436054229736
7,austen,1306,twain,7.874037926013653
7,austen,1307,train,3.233064603805542
7,austen,1307,baum,7.56352014541626
7,austen,1307,thompson,8.316655476888021
7,austen,1307,dickens,7.386132452223036
7,austen,1307,melville,7.997464100519816
7,austen,1307,wells,7.643418550491333
7,austen,1307,austen,5.374145293235779
7,austen,1307,fitzgerald,7.849307970567183
7,austen,1307,twain,7.888480149782621
7,austen,1308,train,3.232996273040772
7,austen,1308,baum,7.54264497756958
7,austen,1308,thompson,8.288577397664389
7,austen,1308,dickens,7.364111449983385
7,austen,1308,melville,7.966156562169393
7,austen,1308,wells,7.60537052154541
7,austen,1308,austen,5.37530484199524
7,austen,1308,fitzgerald,7.822486877441406
7,austen,1308,twain,7.853633220379169
7,austen,1309,train,3.236938714981079
7,austen,1309,baum,7.570255756378174
7,austen,1309,thompson,8.315114339192709
7,austen,1309,dickens,7.382989909913805
7,austen,1309,melville,7.994176626205444
7,austen,1309,wells,7.644081274668376
7,austen,1309,austen,5.381416010856628
7,austen,1309,fitzgerald,7.850074594671076
7,austen,1309,twain,7.888849111703726
7,austen,1310,train,3.215507745742798
7,austen,1310,baum,7.552187538146972
7,austen,1310,thompson,8.291879971822103
7,austen,1310,dickens,7.365358882480198
7,austen,1310,melville,7.974501848220825
7,austen,1310,wells,7.620809555053711
7,austen,1310,austen,5.381302213668823
7,austen,1310,fitzgerald,7.828181917017156
7,austen,1310,twain,7.8682235937852125
7,austen,1311,train,3.2557637691497803
7,austen,1311,baum,7.572006416320801
7,austen,1311,thompson,8.329252560933432
7,austen,1311,dickens,7.391119056277805
7,austen,1311,melville,8.003988901774088
7,austen,1311,wells,7.64888072013855
7,austen,1311,austen,5.372993135452271
7,austen,1311,fitzgerald,7.855508110739968
7,austen,1311,twain,7.893364942990816
7,austen,1312,train,3.2213154792785645
7,austen,1312,baum,7.570098114013672
7,austen,1312,thompson,8.319141387939453
7,austen,1312,dickens,7.394438134299384
7,austen,1312,melville,8.003559271494547
7,austen,1312,wells,7.651300986607869
7,austen,1312,austen,5.38898274898529
7,austen,1312,fitzgerald,7.854870449412953
7,austen,1312,twain,7.899747298314021
7,austen,1313,train,3.215245771408081
7,austen,1313,baum,7.567417812347412
7,austen,1313,thompson,8.339890162150065
7,austen,1313,dickens,7.397732893625895
7,austen,1313,melville,8.02387793858846
7,austen,1313,wells,7.657769521077474
7,austen,1313,austen,5.372488212585449
7,austen,1313,fitzgerald,7.860663760792125
7,austen,1313,twain,7.911312653468205
7,austen,1314,train,3.2215919971466063
7,austen,1314,baum,7.558614444732666
7,austen,1314,thompson,8.319479942321777
7,austen,1314,dickens,7.39611882633633
7,austen,1314,melville,8.01360821723938
7,austen,1314,wells,7.657603661219279
7,austen,1314,austen,5.379728055000305
7,austen,1314,fitzgerald,7.858132188970393
7,austen,1314,twain,7.906165012946496
7,austen,1315,train,3.197705698013306
7,austen,1315,baum,7.554166316986084
7,austen,1315,thompson,8.308598518371582
7,austen,1315,dickens,7.386062833997938
7,austen,1315,melville,7.999695539474487
7,austen,1315,wells,7.638822635014852
7,austen,1315,austen,5.374726033210754
7,austen,1315,fitzgerald,7.84289533441717
7,austen,1315,twain,7.8928506924555855
7,austen,1316,train,3.213332271575928
7,austen,1316,baum,7.568104743957519
7,austen,1316,thompson,8.31839370727539
7,austen,1316,dickens,7.390347586737739
7,austen,1316,melville,8.003348032633463
7,austen,1316,wells,7.6438766320546465
7,austen,1316,austen,5.382679724693299
7,austen,1316,fitzgerald,7.849870378320867
7,austen,1316,twain,7.891774911146897
7,austen,1317,train,3.2054821491241454
7,austen,1317,baum,7.592443466186523
7,austen,1317,thompson,8.347839991251627
7,austen,1317,dickens,7.413082732094659
7,austen,1317,melville,8.040448109308878
7,austen,1317,wells,7.678813457489014
7,austen,1317,austen,5.383827996253968
7,austen,1317,fitzgerald,7.882594715465199
7,austen,1317,twain,7.926610506497896
7,austen,1318,train,3.196094942092896
7,austen,1318,baum,7.564746570587158
7,austen,1318,thompson,8.3160613377889
7,austen,1318,dickens,7.38254189491272
7,austen,1318,melville,8.0032057762146
7,austen,1318,wells,7.642624775568644
7,austen,1318,austen,5.379914879798889
7,austen,1318,fitzgerald,7.848794893784956
7,austen,1318,twain,7.890286445617676
7,austen,1319,train,3.2115406036376952
7,austen,1319,baum,7.572641563415527
7,austen,1319,thompson,8.326711018880209
7,austen,1319,dickens,7.393485360675388
7,austen,1319,melville,8.00306248664856
7,austen,1319,wells,7.64170773824056
7,austen,1319,austen,5.377540493011475
7,austen,1319,fitzgerald,7.860722281716087
7,austen,1319,twain,7.894124617943397
7,austen,1320,train,3.1999176025390623
7,austen,1320,baum,7.576486778259277
7,austen,1320,thompson,8.322712262471518
7,austen,1320,dickens,7.397790829340617
7,austen,1320,melville,7.997276147206624
7,austen,1320,wells,7.6419923305511475
7,austen,1320,austen,5.384061980247497
7,austen,1320,fitzgerald,7.857249476692893
7,austen,1320,twain,7.891440024742713
7,austen,1321,train,3.2072468280792235
7,austen,1321,baum,7.576161670684814
7,austen,1321,thompson,8.328414599100748
7,austen,1321,dickens,7.399443917804295
7,austen,1321,melville,8.012011210123697
7,austen,1321,wells,7.656960964202881
7,austen,1321,austen,5.394755887985229
7,austen,1321,fitzgerald,7.859885085712779
7,austen,1321,twain,7.8989410400390625
7,austen,1322,train,3.195571708679199
7,austen,1322,baum,7.585928344726563
7,austen,1322,thompson,8.341143608093262
7,austen,1322,dickens,7.409816185633342
7,austen,1322,melville,8.03146759668986
7,austen,1322,wells,7.675380388895671
7,austen,1322,austen,5.389583158493042
7,austen,1322,fitzgerald,7.87511513449929
7,austen,1322,twain,7.919826580927922
7,austen,1323,train,3.209392070770264
7,austen,1323,baum,7.584696292877197
7,austen,1323,thompson,8.34820556640625
7,austen,1323,dickens,7.410046868854099
7,austen,1323,melville,8.038077195485434
7,austen,1323,wells,7.670276800791423
7,austen,1323,austen,5.38944456577301
7,austen,1323,fitzgerald,7.876337831670588
7,austen,1323,twain,7.919849175673264
7,austen,1324,train,3.2106642723083496
7,austen,1324,baum,7.6154985427856445
7,austen,1324,thompson,8.381102879842123
7,austen,1324,dickens,7.439508332146539
7,austen,1324,melville,8.068617979685465
7,austen,1324,wells,7.704859813054402
7,austen,1324,austen,5.401174521446228
7,austen,1324,fitzgerald,7.904273726723411
7,austen,1324,twain,7.953767262972319
7,austen,1325,train,3.200667810440064
7,austen,1325,baum,7.5911057472229
7,austen,1325,thompson,8.358322461446127
7,austen,1325,dickens,7.420596467124091
7,austen,1325,melville,8.041074275970459
7,austen,1325,wells,7.680194457372029
7,austen,1325,austen,5.395040965080261
7,austen,1325,fitzgerald,7.879166603088379
7,austen,1325,twain,7.928774503561167
7,austen,1326,train,3.165074729919433
7,austen,1326,baum,7.589575862884521
7,austen,1326,thompson,8.350030263264975
7,austen,1326,dickens,7.424550957149929
7,austen,1326,melville,8.0521289507548
7,austen,1326,wells,7.692278861999512
7,austen,1326,austen,5.388468551635742
7,austen,1326,fitzgerald,7.891378836198286
7,austen,1326,twain,7.937894637768085
7,austen,1327,train,3.195294904708862
7,austen,1327,baum,7.581611919403076
7,austen,1327,thompson,8.335819880167643
7,austen,1327,dickens,7.406662225723267
7,austen,1327,melville,8.02161717414856
7,austen,1327,wells,7.667652448018392
7,austen,1327,austen,5.389678525924682
7,austen,1327,fitzgerald,7.869853496551514
7,austen,1327,twain,7.910623073577881
7,austen,1328,train,3.170906591415405
7,austen,1328,baum,7.581442165374756
7,austen,1328,thompson,8.34588654836019
7,austen,1328,dickens,7.409004820717706
7,austen,1328,melville,8.035362641016642
7,austen,1328,wells,7.669936736424764
7,austen,1328,austen,5.388133931159973
7,austen,1328,fitzgerald,7.875165289098566
7,austen,1328,twain,7.915411949157715
7,austen,1329,train,3.186691474914551
7,austen,1329,baum,7.6017786979675295
7,austen,1329,thompson,8.362937291463217
7,austen,1329,dickens,7.430432399113973
7,austen,1329,melville,8.04955498377482
7,austen,1329,wells,7.683761994043986
7,austen,1329,austen,5.395718145370483
7,austen,1329,fitzgerald,7.886647614565763
7,austen,1329,twain,7.930519837599534
7,austen,1330,train,3.189735698699951
7,austen,1330,baum,7.581568431854248
7,austen,1330,thompson,8.337298393249512
7,austen,1330,dickens,7.409527619679769
7,austen,1330,melville,8.035865863164267
7,austen,1330,wells,7.666567802429199
7,austen,1330,austen,5.385460162162781
7,austen,1330,fitzgerald,7.874916293404319
7,austen,1330,twain,7.915443603809063
7,austen,1331,train,3.173145294189453
7,austen,1331,baum,7.589910221099854
7,austen,1331,thompson,8.353037516276041
7,austen,1331,dickens,7.413919793234931
7,austen,1331,melville,8.031125148137411
7,austen,1331,wells,7.673280239105225
7,austen,1331,austen,5.395921802520752
7,austen,1331,fitzgerald,7.878544417294589
7,austen,1331,twain,7.925758728614221
7,austen,1332,train,3.218941307067871
7,austen,1332,baum,7.601478385925293
7,austen,1332,thompson,8.3525390625
7,austen,1332,dickens,7.424624707963732
7,austen,1332,melville,8.043333292007446
7,austen,1332,wells,7.681693236033122
7,austen,1332,austen,5.403565096855163
7,austen,1332,fitzgerald,7.884182193062522
7,austen,1332,twain,7.930305150838999
7,austen,1333,train,3.187175893783569
7,austen,1333,baum,7.5880663871765135
7,austen,1333,thompson,8.344352722167969
7,austen,1333,dickens,7.413933330112034
7,austen,1333,melville,8.029853185017904
7,austen,1333,wells,7.668842554092407
7,austen,1333,austen,5.394512295722961
7,austen,1333,fitzgerald,7.876674435355446
7,austen,1333,twain,7.912939108335054
7,austen,1334,train,3.1814756393432617
7,austen,1334,baum,7.609525394439697
7,austen,1334,thompson,8.361051559448242
7,austen,1334,dickens,7.434569279352824
7,austen,1334,melville,8.053908348083496
7,austen,1334,wells,7.694825649261475
7,austen,1334,austen,5.396118760108948
7,austen,1334,fitzgerald,7.896618756380948
7,austen,1334,twain,7.940818749941313
7,austen,1335,train,3.2107983589172364
7,austen,1335,baum,7.590401268005371
7,austen,1335,thompson,8.342053731282553
7,austen,1335,dickens,7.411586840947469
7,austen,1335,melville,8.018625418345133
7,austen,1335,wells,7.664052327473958
7,austen,1335,austen,5.393698358535767
7,austen,1335,fitzgerald,7.866556037556041
7,austen,1335,twain,7.908684693850004
7,austen,1336,train,3.168506860733032
7,austen,1336,baum,7.577821063995361
7,austen,1336,thompson,8.336105346679688
7,austen,1336,dickens,7.400400797526042
7,austen,1336,melville,8.00555427869161
7,austen,1336,wells,7.656124432881673
7,austen,1336,austen,5.386041355133057
7,austen,1336,fitzgerald,7.868110396645286
7,austen,1336,twain,7.902564965761625
7,austen,1337,train,3.1810073375701906
7,austen,1337,baum,7.609207725524902
7,austen,1337,thompson,8.368865648905436
7,austen,1337,dickens,7.429566197925144
7,austen,1337,melville,8.049929221471151
7,austen,1337,wells,7.689403613408406
7,austen,1337,austen,5.397855949401856
7,austen,1337,fitzgerald,7.896860079331831
7,austen,1337,twain,7.943030320681059
7,austen,1338,train,3.172504615783692
7,austen,1338,baum,7.602705383300782
7,austen,1338,thompson,8.353839238484701
7,austen,1338,dickens,7.420934862560696
7,austen,1338,melville,8.036359071731567
7,austen,1338,wells,7.674030303955078
7,austen,1338,austen,5.406973767280578
7,austen,1338,fitzgerald,7.877590396187522
7,austen,1338,twain,7.922876944908729
7,austen,1339,train,3.17204327583313
7,austen,1339,baum,7.612305736541748
7,austen,1339,thompson,8.378837585449219
7,austen,1339,dickens,7.43604670630561
7,austen,1339,melville,8.063957452774048
7,austen,1339,wells,7.695990880330403
7,austen,1339,austen,5.409547138214111
7,austen,1339,fitzgerald,7.902991815046831
7,austen,1339,twain,7.949023796961858
7,austen,1340,train,3.182531213760376
7,austen,1340,baum,7.588710975646973
7,austen,1340,thompson,8.353992780049643
7,austen,1340,dickens,7.412948290506999
7,austen,1340,melville,8.031760772069296
7,austen,1340,wells,7.6666364669799805
7,austen,1340,austen,5.40353147983551
7,austen,1340,fitzgerald,7.875253460624001
7,austen,1340,twain,7.919960792248066
7,austen,1341,train,3.19145941734314
7,austen,1341,baum,7.626112079620361
7,austen,1341,thompson,8.38400650024414
7,austen,1341,dickens,7.443713347117106
7,austen,1341,melville,8.075209935506185
7,austen,1341,wells,7.708649079004924
7,austen,1341,austen,5.413051891326904
7,austen,1341,fitzgerald,7.911859122189608
7,austen,1341,twain,7.952006816864014
7,austen,1342,train,3.172773265838623
7,austen,1342,baum,7.616605567932129
7,austen,1342,thompson,8.372477531433105
7,austen,1342,dickens,7.441849576102363
7,austen,1342,melville,8.050340096155802
7,austen,1342,wells,7.693981091181437
7,austen,1342,austen,5.413479566574097
7,austen,1342,fitzgerald,7.8996898477727715
7,austen,1342,twain,7.939385377443754
7,austen,1343,train,3.188099813461304
7,austen,1343,baum,7.614866256713867
7,austen,1343,thompson,8.366644223531088
7,austen,1343,dickens,7.42562198638916
7,austen,1343,melville,8.04838784535726
7,austen,1343,wells,7.688606977462768
7,austen,1343,austen,5.4081888675689695
7,austen,1343,fitzgerald,7.892527753656561
7,austen,1343,twain,7.931206996624287
7,austen,1344,train,3.205488157272339
7,austen,1344,baum,7.605388164520264
7,austen,1344,thompson,8.365571657816568
7,austen,1344,dickens,7.427586264080471
7,austen,1344,melville,8.043591260910034
7,austen,1344,wells,7.684146642684936
7,austen,1344,austen,5.400297045707703
7,austen,1344,fitzgerald,7.8897741491144355
7,austen,1344,twain,7.927010389474722
7,austen,1345,train,3.166575241088867
7,austen,1345,baum,7.622787284851074
7,austen,1345,thompson,8.38017495473226
7,austen,1345,dickens,7.43681091732449
7,austen,1345,melville,8.05642024676005
7,austen,1345,wells,7.699482599894206
7,austen,1345,austen,5.408924174308777
7,austen,1345,fitzgerald,7.905439680272883
7,austen,1345,twain,7.950121622819167
7,austen,1346,train,3.1669129371643066
7,austen,1346,baum,7.625003242492676
7,austen,1346,thompson,8.394146283467611
7,austen,1346,dickens,7.436451408598158
7,austen,1346,melville,8.050742228825888
7,austen,1346,wells,7.692091147104899
7,austen,1346,austen,5.419572544097901
7,austen,1346,fitzgerald,7.903385725888339
7,austen,1346,twain,7.943334322709304
7,austen,1347,train,3.1778265953063967
7,austen,1347,baum,7.619401168823242
7,austen,1347,thompson,8.375041961669922
7,austen,1347,dickens,7.438375128640069
7,austen,1347,melville,8.062159061431885
7,austen,1347,wells,7.703582843144734
7,austen,1347,austen,5.406770849227906
7,austen,1347,fitzgerald,7.909725232557817
7,austen,1347,twain,7.954046652867244
7,austen,1348,train,3.141735458374024
7,austen,1348,baum,7.626507759094238
7,austen,1348,thompson,8.39505672454834
7,austen,1348,dickens,7.446438444985284
7,austen,1348,melville,8.071067094802856
7,austen,1348,wells,7.706823666890462
7,austen,1348,austen,5.412162184715271
7,austen,1348,fitzgerald,7.906754103573886
7,austen,1348,twain,7.959479001852182
7,austen,1349,train,3.1650404930114746
7,austen,1349,baum,7.635857105255127
7,austen,1349,thompson,8.406477292378744
7,austen,1349,dickens,7.464211172527737
7,austen,1349,melville,8.095203399658203
7,austen,1349,wells,7.724600235621135
7,austen,1349,austen,5.418072843551636
7,austen,1349,fitzgerald,7.932167356664484
7,austen,1349,twain,7.984691363114577
7,austen,1350,train,3.148028898239136
7,austen,1350,baum,7.65369987487793
7,austen,1350,thompson,8.420607884724935
7,austen,1350,dickens,7.470980962117513
7,austen,1350,melville,8.09444816907247
7,austen,1350,wells,7.727436145146687
7,austen,1350,austen,5.423355317115783
7,austen,1350,fitzgerald,7.938490650870583
7,austen,1350,twain,7.983199046208308
7,austen,1351,train,3.1690863132476808
7,austen,1351,baum,7.622313404083252
7,austen,1351,thompson,8.39063549041748
7,austen,1351,dickens,7.443864425023396
7,austen,1351,melville,8.076364437739054
7,austen,1351,wells,7.705051978429158
7,austen,1351,austen,5.415807795524597
7,austen,1351,fitzgerald,7.9109533483331855
7,austen,1351,twain,7.957163297213041
7,austen,1352,train,3.1422304630279543
7,austen,1352,baum,7.634316349029541
7,austen,1352,thompson,8.405540466308594
7,austen,1352,dickens,7.449475208918254
7,austen,1352,melville,8.087389548619589
7,austen,1352,wells,7.71768061319987
7,austen,1352,austen,5.404380083084106
7,austen,1352,fitzgerald,7.920139919627797
7,austen,1352,twain,7.966471818777231
7,austen,1353,train,3.165293264389038
7,austen,1353,baum,7.609426879882813
7,austen,1353,thompson,8.377793312072754
7,austen,1353,dickens,7.440650754504734
7,austen,1353,melville,8.058058500289917
7,austen,1353,wells,7.693374315897624
7,austen,1353,austen,5.408521890640259
7,austen,1353,fitzgerald,7.901872071352872
7,austen,1353,twain,7.950568162477934
7,austen,1354,train,3.158737564086914
7,austen,1354,baum,7.617879676818847
7,austen,1354,thompson,8.37501049041748
7,austen,1354,dickens,7.442261351479424
7,austen,1354,melville,8.063953558603922
7,austen,1354,wells,7.700424671173096
7,austen,1354,austen,5.413268995285034
7,austen,1354,fitzgerald,7.905922803011808
7,austen,1354,twain,7.954496420346773
7,austen,1355,train,3.161847686767578
7,austen,1355,baum,7.625734138488769
7,austen,1355,thompson,8.383004188537598
7,austen,1355,dickens,7.444138209025065
7,austen,1355,melville,8.069106896718344
7,austen,1355,wells,7.704406261444092
7,austen,1355,austen,5.41561188697815
7,austen,1355,fitzgerald,7.908181017095393
7,austen,1355,twain,7.962943040407621
7,austen,1356,train,3.156518030166626
7,austen,1356,baum,7.644440364837647
7,austen,1356,thompson,8.408238093058268
7,austen,1356,dickens,7.461548937691583
7,austen,1356,melville,8.093014478683472
7,austen,1356,wells,7.722681999206543
7,austen,1356,austen,5.410291337966919
7,austen,1356,fitzgerald,7.932106581601229
7,austen,1356,twain,7.984963123614971
7,austen,1357,train,3.1561007499694824
7,austen,1357,baum,7.636337566375732
7,austen,1357,thompson,8.388825416564941
7,austen,1357,dickens,7.448743396335178
7,austen,1357,melville,8.07232371966044
7,austen,1357,wells,7.714655955632527
7,austen,1357,austen,5.419213128089905
7,austen,1357,fitzgerald,7.918819991025058
7,austen,1357,twain,7.965987278864934
7,austen,1358,train,3.159704494476318
7,austen,1358,baum,7.627505016326904
7,austen,1358,thompson,8.378480275472006
7,austen,1358,dickens,7.4491607613033715
7,austen,1358,melville,8.075599829355875
7,austen,1358,wells,7.713533242543538
7,austen,1358,austen,5.4130387783050535
7,austen,1358,fitzgerald,7.921896934509277
7,austen,1358,twain,7.972238467289851
7,austen,1359,train,3.1350048542022706
7,austen,1359,baum,7.630255317687988
7,austen,1359,thompson,8.39391803741455
7,austen,1359,dickens,7.462736103269789
7,austen,1359,melville,8.085126320521036
7,austen,1359,wells,7.724982261657715
7,austen,1359,austen,5.418501329421997
7,austen,1359,fitzgerald,7.930857441642067
7,austen,1359,twain,7.978001337784987
7,austen,1360,train,3.127832841873169
7,austen,1360,baum,7.659641361236572
7,austen,1360,thompson,8.433765729268393
7,austen,1360,dickens,7.496231423483954
7,austen,1360,melville,8.128493626912435
7,austen,1360,wells,7.762765169143677
7,austen,1360,austen,5.4248754501342775
7,austen,1360,fitzgerald,7.957898400046608
7,austen,1360,twain,8.02439025732187
7,austen,1361,train,3.1523054599761964
7,austen,1361,baum,7.628390216827393
7,austen,1361,thompson,8.393634796142578
7,austen,1361,dickens,7.449021948708428
7,austen,1361,melville,8.071519613265991
7,austen,1361,wells,7.717991749445598
7,austen,1361,austen,5.406995868682861
7,austen,1361,fitzgerald,7.924061515114524
7,austen,1361,twain,7.969100915468656
7,austen,1362,train,3.125809383392334
7,austen,1362,baum,7.622390270233154
7,austen,1362,thompson,8.385308265686035
7,austen,1362,dickens,7.440054469638401
7,austen,1362,melville,8.063499768575033
7,austen,1362,wells,7.702869335810344
7,austen,1362,austen,5.420947122573852
7,austen,1362,fitzgerald,7.917832374572754
7,austen,1362,twain,7.958317389855018
7,austen,1363,train,3.145582151412964
7,austen,1363,baum,7.635825538635254
7,austen,1363,thompson,8.407572428385416
7,austen,1363,dickens,7.465436008241442
7,austen,1363,melville,8.091733932495117
7,austen,1363,wells,7.724812984466553
7,austen,1363,austen,5.417623829841614
7,austen,1363,fitzgerald,7.935902985659513
7,austen,1363,twain,7.984827004946196
7,austen,1364,train,3.139607858657837
7,austen,1364,baum,7.66028060913086
7,austen,1364,thompson,8.43350346883138
7,austen,1364,dickens,7.481114599439833
7,austen,1364,melville,8.104783296585083
7,austen,1364,wells,7.745652437210083
7,austen,1364,austen,5.427376842498779
7,austen,1364,fitzgerald,7.951993422074751
7,austen,1364,twain,8.00085394199078
7,austen,1365,train,3.151320743560791
7,austen,1365,baum,7.636574459075928
7,austen,1365,thompson,8.393848737080893
7,austen,1365,dickens,7.464533064100477
7,austen,1365,melville,8.07848564783732
7,austen,1365,wells,7.715307076772054
7,austen,1365,austen,5.418300676345825
7,austen,1365,fitzgerald,7.930527557026256
7,austen,1365,twain,7.973428249359131
7,austen,1366,train,3.14670352935791
7,austen,1366,baum,7.624886608123779
7,austen,1366,thompson,8.394317944844564
7,austen,1366,dickens,7.456204440858629
7,austen,1366,melville,8.057382663091024
7,austen,1366,wells,7.69951589902242
7,austen,1366,austen,5.419123673439026
7,austen,1366,fitzgerald,7.912127841602672
7,austen,1366,twain,7.957385209890512
7,austen,1367,train,3.125407838821411
7,austen,1367,baum,7.640608596801758
7,austen,1367,thompson,8.412164370218912
7,austen,1367,dickens,7.47968774371677
7,austen,1367,melville,8.09637459119161
7,austen,1367,wells,7.729041973749797
7,austen,1367,austen,5.420218968391419
7,austen,1367,fitzgerald,7.9328460693359375
7,austen,1367,twain,7.985304869138277
7,austen,1368,train,3.124808549880981
7,austen,1368,baum,7.666314697265625
7,austen,1368,thompson,8.434836387634277
7,austen,1368,dickens,7.487487687004937
7,austen,1368,melville,8.11636201540629
7,austen,1368,wells,7.75355331103007
7,austen,1368,austen,5.423504734039307
7,austen,1368,fitzgerald,7.957384976473722
7,austen,1368,twain,8.01071779544537
7,austen,1369,train,3.147629833221436
7,austen,1369,baum,7.646751022338867
7,austen,1369,thompson,8.42551294962565
7,austen,1369,dickens,7.480704175101386
7,austen,1369,melville,8.105863014856974
7,austen,1369,wells,7.7411166826883955
7,austen,1369,austen,5.420879292488098
7,austen,1369,fitzgerald,7.943218621340665
7,austen,1369,twain,7.99807673234206
7,austen,1370,train,3.122811841964721
7,austen,1370,baum,7.677187442779541
7,austen,1370,thompson,8.455488522847494
7,austen,1370,dickens,7.50649783346388
7,austen,1370,melville,8.131311337153116
7,austen,1370,wells,7.768729130427043
7,austen,1370,austen,5.426742029190064
7,austen,1370,fitzgerald,7.972104419361461
7,austen,1370,twain,8.031030728266789
7,austen,1371,train,3.1356473922729493
7,austen,1371,baum,7.6316906929016115
7,austen,1371,thompson,8.396650632222494
7,austen,1371,dickens,7.465376880433824
7,austen,1371,melville,8.069605906804403
7,austen,1371,wells,7.719328721364339
7,austen,1371,austen,5.4237833499908445
7,austen,1371,fitzgerald,7.919179482893511
7,austen,1371,twain,7.974645394545335
7,austen,1372,train,3.1569390296936035
7,austen,1372,baum,7.683133316040039
7,austen,1372,thompson,8.459610939025879
7,austen,1372,dickens,7.501298666000366
7,austen,1372,melville,8.13768212000529
7,austen,1372,wells,7.77316935857137
7,austen,1372,austen,5.427146625518799
7,austen,1372,fitzgerald,7.971493764357134
7,austen,1372,twain,8.030417148883526
7,austen,1373,train,3.1273061752319338
7,austen,1373,baum,7.645420551300049
7,austen,1373,thompson,8.40990130106608
7,austen,1373,dickens,7.474251508712768
7,austen,1373,melville,8.089723587036133
7,austen,1373,wells,7.730798323949178
7,austen,1373,austen,5.425819849967956
7,austen,1373,fitzgerald,7.938789801164106
7,austen,1373,twain,7.989182508908785
7,austen,1374,train,3.113287401199341
7,austen,1374,baum,7.659493923187256
7,austen,1374,thompson,8.426445960998535
7,austen,1374,dickens,7.483525620566474
7,austen,1374,melville,8.109217087427774
7,austen,1374,wells,7.751136302947998
7,austen,1374,austen,5.435090041160583
7,austen,1374,fitzgerald,7.952667539769953
7,austen,1374,twain,8.00723593051617
7,austen,1375,train,3.119916391372681
7,austen,1375,baum,7.655308437347412
7,austen,1375,thompson,8.41834545135498
7,austen,1375,dickens,7.475281132592095
7,austen,1375,melville,8.104512373606363
7,austen,1375,wells,7.745693922042847
7,austen,1375,austen,5.429478573799133
7,austen,1375,fitzgerald,7.955059485001997
7,austen,1375,twain,7.99834471482497
7,austen,1376,train,3.1063835620880127
7,austen,1376,baum,7.627589225769043
7,austen,1376,thompson,8.394577344258627
7,austen,1376,dickens,7.455566035376655
7,austen,1376,melville,8.066209634145102
7,austen,1376,wells,7.712372859319051
7,austen,1376,austen,5.424904155731201
7,austen,1376,fitzgerald,7.92526422847401
7,austen,1376,twain,7.970243637378399
7,austen,1377,train,3.152702474594116
7,austen,1377,baum,7.648257923126221
7,austen,1377,thompson,8.4155642191569
7,austen,1377,dickens,7.475657939910889
7,austen,1377,melville,8.09695323308309
7,austen,1377,wells,7.738166093826294
7,austen,1377,austen,5.43029944896698
7,austen,1377,fitzgerald,7.941122705286199
7,austen,1377,twain,7.98714832159189
7,austen,1378,train,3.128150224685669
7,austen,1378,baum,7.672074031829834
7,austen,1378,thompson,8.455369631449381
7,austen,1378,dickens,7.497100273768107
7,austen,1378,melville,8.12222957611084
7,austen,1378,wells,7.755168596903483
7,austen,1378,austen,5.425736284255981
7,austen,1378,fitzgerald,7.974132624539462
7,austen,1378,twain,8.016885610727163
7,austen,1379,train,3.1274994373321534
7,austen,1379,baum,7.650848484039306
7,austen,1379,thompson,8.416223208109537
7,austen,1379,dickens,7.474030335744222
7,austen,1379,melville,8.08806300163269
7,austen,1379,wells,7.734181563059489
7,austen,1379,austen,5.436526322364808
7,austen,1379,fitzgerald,7.943389242345637
7,austen,1379,twain,7.979894344623272
7,austen,1380,train,3.1190014839172364
7,austen,1380,baum,7.638429737091064
7,austen,1380,thompson,8.415486017862955
7,austen,1380,dickens,7.46569037437439
7,austen,1380,melville,8.091284354527792
7,austen,1380,wells,7.732763608296712
7,austen,1380,austen,5.419044017791748
7,austen,1380,fitzgerald,7.941906668923118
7,austen,1380,twain,7.977544417748084
7,austen,1381,train,3.1181140422821043
7,austen,1381,baum,7.650985527038574
7,austen,1381,thompson,8.424965858459473
7,austen,1381,dickens,7.483711772494846
7,austen,1381,melville,8.099388519922892
7,austen,1381,wells,7.738777955373128
7,austen,1381,austen,5.42964198589325
7,austen,1381,fitzgerald,7.946745872497559
7,austen,1381,twain,7.9938079393827
7,austen,1382,train,3.109584093093872
7,austen,1382,baum,7.633439445495606
7,austen,1382,thompson,8.404927571614584
7,austen,1382,dickens,7.472083727518718
7,austen,1382,melville,8.08230209350586
7,austen,1382,wells,7.7248116334279375
7,austen,1382,austen,5.427807736396789
7,austen,1382,fitzgerald,7.930445844476873
7,austen,1382,twain,7.984421986799973
7,austen,1383,train,3.1159729957580566
7,austen,1383,baum,7.656594753265381
7,austen,1383,thompson,8.428184827168783
7,austen,1383,dickens,7.482351753446791
7,austen,1383,melville,8.097805420557657
7,austen,1383,wells,7.739396333694458
7,austen,1383,austen,5.4332682371139525
7,austen,1383,fitzgerald,7.952001051469282
7,austen,1383,twain,7.997974945948674
7,austen,1384,train,3.122158479690552
7,austen,1384,baum,7.662025165557861
7,austen,1384,thompson,8.426201184590658
7,austen,1384,dickens,7.484862327575684
7,austen,1384,melville,8.10854705174764
7,austen,1384,wells,7.753931204477946
7,austen,1384,austen,5.437606167793274
7,austen,1384,fitzgerald,7.956759366122159
7,austen,1384,twain,8.00368283345149
7,austen,1385,train,3.1578979015350344
7,austen,1385,baum,7.664659404754639
7,austen,1385,thompson,8.420596440633139
7,austen,1385,dickens,7.486223194334242
7,austen,1385,melville,8.106472889582315
7,austen,1385,wells,7.749090830485026
7,austen,1385,austen,5.433865594863891
7,austen,1385,fitzgerald,7.953710599379106
7,austen,1385,twain,8.001904084132267
7,austen,1386,train,3.134276533126831
7,austen,1386,baum,7.682674694061279
7,austen,1386,thompson,8.454601287841797
7,austen,1386,dickens,7.511783732308282
7,austen,1386,melville,8.13699984550476
7,austen,1386,wells,7.77195421854655
7,austen,1386,austen,5.4466849088668825
7,austen,1386,fitzgerald,7.978438334031538
7,austen,1386,twain,8.027863575862003
7,austen,1387,train,3.119120788574219
7,austen,1387,baum,7.678315448760986
7,austen,1387,thompson,8.46535873413086
7,austen,1387,dickens,7.51214943991767
7,austen,1387,melville,8.14096450805664
7,austen,1387,wells,7.772410233815511
7,austen,1387,austen,5.437778115272522
7,austen,1387,fitzgerald,7.975225535306063
7,austen,1387,twain,8.03073054093581
7,austen,1388,train,3.132100296020508
7,austen,1388,baum,7.685034942626953
7,austen,1388,thompson,8.468446413675943
7,austen,1388,dickens,7.516009542677137
7,austen,1388,melville,8.141236066818237
7,austen,1388,wells,7.764713843663533
7,austen,1388,austen,5.440038704872132
7,austen,1388,fitzgerald,7.972870003093373
7,austen,1388,twain,8.023133791410006
7,austen,1389,train,3.1381959438323976
7,austen,1389,baum,7.684738826751709
7,austen,1389,thompson,8.46633211771647
7,austen,1389,dickens,7.5247306029001875
7,austen,1389,melville,8.148001670837402
7,austen,1389,wells,7.784626245498657
7,austen,1389,austen,5.441601037979126
7,austen,1389,fitzgerald,7.987652865323153
7,austen,1389,twain,8.043917215787447
7,austen,1390,train,3.118178176879882
7,austen,1390,baum,7.657194995880127
7,austen,1390,thompson,8.427414258321127
7,austen,1390,dickens,7.487802399529351
7,austen,1390,melville,8.09851328531901
7,austen,1390,wells,7.734287023544311
7,austen,1390,austen,5.430161833763123
7,austen,1390,fitzgerald,7.948055093938654
7,austen,1390,twain,7.989781636458177
7,austen,1391,train,3.0974257946014405
7,austen,1391,baum,7.679662704467773
7,austen,1391,thompson,8.450725237528482
7,austen,1391,dickens,7.503148900138007
7,austen,1391,melville,8.121925592422485
7,austen,1391,wells,7.759710788726807
7,austen,1391,austen,5.442486643791199
7,austen,1391,fitzgerald,7.9708731391213155
7,austen,1391,twain,8.018077116746168
7,austen,1392,train,3.1167754173278808
7,austen,1392,baum,7.692733573913574
7,austen,1392,thompson,8.475484530131022
7,austen,1392,dickens,7.516458723280165
7,austen,1392,melville,8.157721439997355
7,austen,1392,wells,7.787412325541179
7,austen,1392,austen,5.447312808036804
7,austen,1392,fitzgerald,7.988886876539751
7,austen,1392,twain,8.041026482215294
7,austen,1393,train,3.102971982955933
7,austen,1393,baum,7.697255134582519
7,austen,1393,thompson,8.470060030619303
7,austen,1393,dickens,7.512737380133735
7,austen,1393,melville,8.14334543546041
7,austen,1393,wells,7.785042365392049
7,austen,1393,austen,5.444542121887207
7,austen,1393,fitzgerald,7.994657516479492
7,austen,1393,twain,8.041127791771522
7,austen,1394,train,3.1103846073150634
7,austen,1394,baum,7.686132335662842
7,austen,1394,thompson,8.456258138020834
7,austen,1394,dickens,7.507846222983466
7,austen,1394,melville,8.12953249613444
7,austen,1394,wells,7.76932422320048
7,austen,1394,austen,5.445545029640198
7,austen,1394,fitzgerald,7.976172230460427
7,austen,1394,twain,8.018622435056246
7,austen,1395,train,3.099301815032959
7,austen,1395,baum,7.70903844833374
7,austen,1395,thompson,8.481321334838867
7,austen,1395,dickens,7.5313197241889105
7,austen,1395,melville,8.155563751856485
7,austen,1395,wells,7.794747511545817
7,austen,1395,austen,5.452614402770996
7,austen,1395,fitzgerald,7.997866457158869
7,austen,1395,twain,8.046358255239634
7,austen,1396,train,3.0912601947784424
7,austen,1396,baum,7.713360023498535
7,austen,1396,thompson,8.493115425109863
7,austen,1396,dickens,7.541231579250759
7,austen,1396,melville,8.173392375310263
7,austen,1396,wells,7.800694704055786
7,austen,1396,austen,5.458301281929016
7,austen,1396,fitzgerald,8.010053764690053
7,austen,1396,twain,8.059681562276987
7,austen,1397,train,3.1059932708740234
7,austen,1397,baum,7.705190372467041
7,austen,1397,thompson,8.491621971130371
7,austen,1397,dickens,7.536475287543403
7,austen,1397,melville,8.165634473164877
7,austen,1397,wells,7.796242872873942
7,austen,1397,austen,5.44536714553833
7,austen,1397,fitzgerald,7.999751481142911
7,austen,1397,twain,8.05377644758958
7,austen,1398,train,3.0887670040130617
7,austen,1398,baum,7.685011005401611
7,austen,1398,thompson,8.463869412740072
7,austen,1398,dickens,7.521299547619289
7,austen,1398,melville,8.140872478485107
7,austen,1398,wells,7.77410356203715
7,austen,1398,austen,5.44158570766449
7,austen,1398,fitzgerald,7.988371632315895
7,austen,1398,twain,8.033504339364859
7,austen,1399,train,3.097426557540893
7,austen,1399,baum,7.681252384185791
7,austen,1399,thompson,8.453869819641113
7,austen,1399,dickens,7.513613965776232
7,austen,1399,melville,8.131960391998291
7,austen,1399,wells,7.762553135553996
7,austen,1399,austen,5.451566243171692
7,austen,1399,fitzgerald,7.974064090035179
7,austen,1399,twain,8.020249110001783
7,austen,1400,train,3.086820840835572
7,austen,1400,baum,7.707475376129151
7,austen,1400,thompson,8.479986826578775
7,austen,1400,dickens,7.529271867540148
7,austen,1400,melville,8.154332240422567
7,austen,1400,wells,7.784207820892334
7,austen,1400,austen,5.456098771095276
7,austen,1400,fitzgerald,7.998160058801824
7,austen,1400,twain,8.045664420494667
7,austen,1401,train,3.0739542961120607
7,austen,1401,baum,7.6911696434021
7,austen,1401,thompson,8.466358184814453
7,austen,1401,dickens,7.513423098458184
7,austen,1401,melville,8.147234121958414
7,austen,1401,wells,7.771639744440715
7,austen,1401,austen,5.449251627922058
7,austen,1401,fitzgerald,7.984456018968062
7,austen,1401,twain,8.037333415104793
7,austen,1402,train,3.106005620956421
7,austen,1402,baum,7.685245227813721
7,austen,1402,thompson,8.452446937561035
7,austen,1402,dickens,7.516515811284383
7,austen,1402,melville,8.128384192784628
7,austen,1402,wells,7.773119608561198
7,austen,1402,austen,5.455684638023376
7,austen,1402,fitzgerald,7.978459748354825
7,austen,1402,twain,8.032481817098764
7,austen,1403,train,3.1045111179351808
7,austen,1403,baum,7.697701930999756
7,austen,1403,thompson,8.466553688049316
7,austen,1403,dickens,7.520009650124444
7,austen,1403,melville,8.147288163503012
7,austen,1403,wells,7.788051684697469
7,austen,1403,austen,5.454949426651001
7,austen,1403,fitzgerald,7.9938812255859375
7,austen,1403,twain,8.042507134951078
7,austen,1404,train,3.1328203678131104
7,austen,1404,baum,7.6842042922973635
7,austen,1404,thompson,8.458895047505697
7,austen,1404,dickens,7.508468283547296
7,austen,1404,melville,8.136107126871744
7,austen,1404,wells,7.771877527236938
7,austen,1404,austen,5.45585265159607
7,austen,1404,fitzgerald,7.978716416792436
7,austen,1404,twain,8.027205760662373
7,austen,1405,train,3.103681993484497
7,austen,1405,baum,7.703050231933593
7,austen,1405,thompson,8.48006502787272
7,austen,1405,dickens,7.528581327862209
7,austen,1405,melville,8.160633643468222
7,austen,1405,wells,7.7885422706604
7,austen,1405,austen,5.453968238830567
7,austen,1405,fitzgerald,7.998195084658536
7,austen,1405,twain,8.046565936161922
7,austen,1406,train,3.119105005264282
7,austen,1406,baum,7.713703155517578
7,austen,1406,thompson,8.502413749694824
7,austen,1406,dickens,7.55602584944831
7,austen,1406,melville,8.177380641301474
7,austen,1406,wells,7.808284759521484
7,austen,1406,austen,5.468775367736816
7,austen,1406,fitzgerald,8.01449914412065
7,austen,1406,twain,8.073833208817701
7,austen,1407,train,3.105230951309204
7,austen,1407,baum,7.702361679077148
7,austen,1407,thompson,8.492043813069662
7,austen,1407,dickens,7.54296628634135
7,austen,1407,melville,8.172160228093466
7,austen,1407,wells,7.799561421076457
7,austen,1407,austen,5.459325170516967
7,austen,1407,fitzgerald,8.004905093799938
7,austen,1407,twain,8.058781587160551
7,austen,1408,train,3.086927843093872
7,austen,1408,baum,7.703460025787353
7,austen,1408,thompson,8.488502820332846
7,austen,1408,dickens,7.542675971984863
7,austen,1408,melville,8.167867501576742
7,austen,1408,wells,7.802669048309326
7,austen,1408,austen,5.452817463874817
7,austen,1408,fitzgerald,8.002658540552313
7,austen,1408,twain,8.058164486518272
7,austen,1409,train,3.1015570163726807
7,austen,1409,baum,7.688644218444824
7,austen,1409,thompson,8.468816439310709
7,austen,1409,dickens,7.536946535110474
7,austen,1409,melville,8.16372243563334
7,austen,1409,wells,7.799450953801473
7,austen,1409,austen,5.450758695602417
7,austen,1409,fitzgerald,7.998095772483132
7,austen,1409,twain,8.053055873283974
7,austen,1410,train,3.08848295211792
7,austen,1410,baum,7.697979545593261
7,austen,1410,thompson,8.479430516560873
7,austen,1410,dickens,7.54000539249844
7,austen,1410,melville,8.153303543726603
7,austen,1410,wells,7.790975014368693
7,austen,1410,austen,5.4604685544967655
7,austen,1410,fitzgerald,7.999007615176114
7,austen,1410,twain,8.052667764516977
7,austen,1411,train,3.0757365226745605
7,austen,1411,baum,7.689593696594239
7,austen,1411,thompson,8.477054595947266
7,austen,1411,dickens,7.540598922305637
7,austen,1411,melville,8.161760012308756
7,austen,1411,wells,7.79047155380249
7,austen,1411,austen,5.460625052452087
7,austen,1411,fitzgerald,7.996174552223899
7,austen,1411,twain,8.055469769697924
7,austen,1412,train,3.0756453037261964
7,austen,1412,baum,7.711201763153076
7,austen,1412,thompson,8.486707051595053
7,austen,1412,dickens,7.54994085099962
7,austen,1412,melville,8.167299111684164
7,austen,1412,wells,7.803595622380574
7,austen,1412,austen,5.464794969558716
7,austen,1412,fitzgerald,8.00828812339089
7,austen,1412,twain,8.058608201833872
7,austen,1413,train,3.0863785266876222
7,austen,1413,baum,7.6825440406799315
7,austen,1413,thompson,8.455890337626139
7,austen,1413,dickens,7.507253302468194
7,austen,1413,melville,8.131300926208496
7,austen,1413,wells,7.762876669565837
7,austen,1413,austen,5.448281097412109
7,austen,1413,fitzgerald,7.974847966974432
7,austen,1413,twain,8.017307428213266
7,austen,1414,train,3.078175449371338
7,austen,1414,baum,7.747816467285157
7,austen,1414,thompson,8.530513763427734
7,austen,1414,dickens,7.563824229770237
7,austen,1414,melville,8.194751898447672
7,austen,1414,wells,7.827487945556641
7,austen,1414,austen,5.475636076927185
7,austen,1414,fitzgerald,8.034779852086848
7,austen,1414,twain,8.090537474705624
7,austen,1415,train,3.05206880569458
7,austen,1415,baum,7.706828498840332
7,austen,1415,thompson,8.490351676940918
7,austen,1415,dickens,7.542708900239733
7,austen,1415,melville,8.17677370707194
7,austen,1415,wells,7.803783178329468
7,austen,1415,austen,5.458011507987976
7,austen,1415,fitzgerald,8.010896119204434
7,austen,1415,twain,8.061784817622257
7,austen,1416,train,3.066256618499756
7,austen,1416,baum,7.727192306518555
7,austen,1416,thompson,8.500284512837728
7,austen,1416,dickens,7.551990853415595
7,austen,1416,melville,8.181219577789307
7,austen,1416,wells,7.821886459986369
7,austen,1416,austen,5.464807653427124
7,austen,1416,fitzgerald,8.027665268291127
7,austen,1416,twain,8.0730451803941
7,austen,1417,train,3.0746745586395265
7,austen,1417,baum,7.693551826477051
7,austen,1417,thompson,8.462860743204752
7,austen,1417,dickens,7.53493685192532
7,austen,1417,melville,8.15707286198934
7,austen,1417,wells,7.789429505666097
7,austen,1417,austen,5.459541010856628
7,austen,1417,fitzgerald,7.994683395732533
7,austen,1417,twain,8.046507101792555
7,austen,1418,train,3.074770927429199
7,austen,1418,baum,7.723488903045654
7,austen,1418,thompson,8.491683642069498
7,austen,1418,dickens,7.540906588236491
7,austen,1418,melville,8.167038758595785
7,austen,1418,wells,7.800339539845784
7,austen,1418,austen,5.472157049179077
7,austen,1418,fitzgerald,8.014015197753906
7,austen,1418,twain,8.06282927439763
7,austen,1419,train,3.0738346576690674
7,austen,1419,baum,7.698825263977051
7,austen,1419,thompson,8.462425549825033
7,austen,1419,dickens,7.517631848653157
7,austen,1419,melville,8.140809138615927
7,austen,1419,wells,7.773192803064982
7,austen,1419,austen,5.463674473762512
7,austen,1419,fitzgerald,7.987183310768821
7,austen,1419,twain,8.029672732720009
7,austen,1420,train,3.05127501487732
7,austen,1420,baum,7.739614963531494
7,austen,1420,thompson,8.516430854797363
7,austen,1420,dickens,7.567527559068468
7,austen,1420,melville,8.204432487487793
7,austen,1420,wells,7.83915360768636
7,austen,1420,austen,5.47534568309784
7,austen,1420,fitzgerald,8.03837776184082
7,austen,1420,twain,8.095567226409912
7,austen,1421,train,3.096833610534668
7,austen,1421,baum,7.740002059936524
7,austen,1421,thompson,8.515024185180664
7,austen,1421,dickens,7.575147045983209
7,austen,1421,melville,8.201906442642212
7,austen,1421,wells,7.831742684046428
7,austen,1421,austen,5.476508092880249
7,austen,1421,fitzgerald,8.038278059525924
7,austen,1421,twain,8.096098899841309
7,austen,1422,train,3.072807168960572
7,austen,1422,baum,7.754024600982666
7,austen,1422,thompson,8.540836016337076
7,austen,1422,dickens,7.576632420221965
7,austen,1422,melville,8.205548763275146
7,austen,1422,wells,7.8312703768412275
7,austen,1422,austen,5.475609827041626
7,austen,1422,fitzgerald,8.0416616526517
7,austen,1422,twain,8.097536710592417
7,austen,1423,train,3.051123762130737
7,austen,1423,baum,7.719598007202149
7,austen,1423,thompson,8.491555213928223
7,austen,1423,dickens,7.543944623735216
7,austen,1423,melville,8.168068250020346
7,austen,1423,wells,7.801529010136922
7,austen,1423,austen,5.480636358261108
7,austen,1423,fitzgerald,8.01458198373968
7,austen,1423,twain,8.065358565403866
7,austen,1424,train,3.0591398239135743
7,austen,1424,baum,7.741935348510742
7,austen,1424,thompson,8.540091832478842
7,austen,1424,dickens,7.580602566401164
7,austen,1424,melville,8.219924370447794
7,austen,1424,wells,7.844025770823161
7,austen,1424,austen,5.459651184082031
7,austen,1424,fitzgerald,8.057462562214244
7,austen,1424,twain,8.104105325845572
7,austen,1425,train,3.0564856052398683
7,austen,1425,baum,7.726252746582031
7,austen,1425,thompson,8.501914660135904
7,austen,1425,dickens,7.550956434673733
7,austen,1425,melville,8.169745524724325
7,austen,1425,wells,7.807900508244832
7,austen,1425,austen,5.478434443473816
7,austen,1425,fitzgerald,8.024482293562455
7,austen,1425,twain,8.066983222961426
7,austen,1426,train,3.049102783203125
7,austen,1426,baum,7.725185585021973
7,austen,1426,thompson,8.511517842610678
7,austen,1426,dickens,7.553065458933513
7,austen,1426,melville,8.180616696675619
7,austen,1426,wells,7.814709107081096
7,austen,1426,austen,5.46469943523407
7,austen,1426,fitzgerald,8.028538053685969
7,austen,1426,twain,8.075063632084774
7,austen,1427,train,3.088597869873047
7,austen,1427,baum,7.737923908233642
7,austen,1427,thompson,8.534598032633463
7,austen,1427,dickens,7.572216669718425
7,austen,1427,melville,8.20154070854187
7,austen,1427,wells,7.830437183380127
7,austen,1427,austen,5.4599203109741214
7,austen,1427,fitzgerald,8.040054581382059
7,austen,1427,twain,8.095471602219801
7,austen,1428,train,3.065471124649048
7,austen,1428,baum,7.746853351593018
7,austen,1428,thompson,8.53610102335612
7,austen,1428,dickens,7.582166751225789
7,austen,1428,melville,8.206524848937988
7,austen,1428,wells,7.839752912521362
7,austen,1428,austen,5.470098638534546
7,austen,1428,fitzgerald,8.047639066522772
7,austen,1428,twain,8.102334279280443
7,austen,1429,train,3.043768739700317
7,austen,1429,baum,7.761052131652832
7,austen,1429,thompson,8.545771916707357
7,austen,1429,dickens,7.594669977823893
7,austen,1429,melville,8.224117358525595
7,austen,1429,wells,7.855297088623047
7,austen,1429,austen,5.478905987739563
7,austen,1429,fitzgerald,8.064674420790238
7,austen,1429,twain,8.116734211261456
7,austen,1430,train,3.060007905960083
7,austen,1430,baum,7.731300735473633
7,austen,1430,thompson,8.504825909932455
7,austen,1430,dickens,7.560940636528863
7,austen,1430,melville,8.176685253779093
7,austen,1430,wells,7.818037668863933
7,austen,1430,austen,5.4692689895629885
7,austen,1430,fitzgerald,8.025223818692295
7,austen,1430,twain,8.076178110562838
7,austen,1431,train,3.048298215866089
7,austen,1431,baum,7.730434894561768
7,austen,1431,thompson,8.488092422485352
7,austen,1431,dickens,7.562891509797838
7,austen,1431,melville,8.165804704030355
7,austen,1431,wells,7.806833426157634
7,austen,1431,austen,5.469938158988953
7,austen,1431,fitzgerald,8.022959752516313
7,austen,1431,twain,8.0651336816641
7,austen,1432,train,3.0554810523986817
7,austen,1432,baum,7.747051906585693
7,austen,1432,thompson,8.516160011291504
7,austen,1432,dickens,7.578962882359822
7,austen,1432,melville,8.185718139012655
7,austen,1432,wells,7.82167402903239
7,austen,1432,austen,5.473315262794495
7,austen,1432,fitzgerald,8.035990368236195
7,austen,1432,twain,8.079010413243221
7,austen,1433,train,3.082004261016846
7,austen,1433,baum,7.722555160522461
7,austen,1433,thompson,8.49134604136149
7,austen,1433,dickens,7.56905992825826
7,austen,1433,melville,8.174240748087565
7,austen,1433,wells,7.809644858042399
7,austen,1433,austen,5.468348240852356
7,austen,1433,fitzgerald,8.019186019897461
7,austen,1433,twain,8.07011314538809
7,austen,1434,train,3.06278657913208
7,austen,1434,baum,7.750471019744873
7,austen,1434,thompson,8.535904884338379
7,austen,1434,dickens,7.593255122502645
7,austen,1434,melville,8.204595963160196
7,austen,1434,wells,7.838048060735066
7,austen,1434,austen,5.476261925697327
7,austen,1434,fitzgerald,8.050680030475963
7,austen,1434,twain,8.103335894071138
7,austen,1435,train,3.040467929840088
7,austen,1435,baum,7.731095314025879
7,austen,1435,thompson,8.508063634236654
7,austen,1435,dickens,7.569884247250027
7,austen,1435,melville,8.189021507898966
7,austen,1435,wells,7.834473768870036
7,austen,1435,austen,5.474791169166565
7,austen,1435,fitzgerald,8.034257672049783
7,austen,1435,twain,8.088011228121244
7,austen,1436,train,3.051992321014404
7,austen,1436,baum,7.725315856933594
7,austen,1436,thompson,8.51311175028483
7,austen,1436,dickens,7.5661277241177025
7,austen,1436,melville,8.190053462982178
7,austen,1436,wells,7.826420704523723
7,austen,1436,austen,5.469514536857605
7,austen,1436,fitzgerald,8.030154011466287
7,austen,1436,twain,8.088257276094877
7,austen,1437,train,3.0448694705963133
7,austen,1437,baum,7.750021934509277
7,austen,1437,thompson,8.534233411153158
7,austen,1437,dickens,7.588425185945299
7,austen,1437,melville,8.212001403172811
7,austen,1437,wells,7.851080894470215
7,austen,1437,austen,5.4802035093307495
7,austen,1437,fitzgerald,8.053711934523148
7,austen,1437,twain,8.109528908362755
7,austen,1438,train,3.0301286220550536
7,austen,1438,baum,7.72890567779541
7,austen,1438,thompson,8.505573272705078
7,austen,1438,dickens,7.568519910176595
7,austen,1438,melville,8.183990399042765
7,austen,1438,wells,7.822104374567668
7,austen,1438,austen,5.486505460739136
7,austen,1438,fitzgerald,8.024488752538508
7,austen,1438,twain,8.071523703061617
7,austen,1439,train,3.057610511779785
7,austen,1439,baum,7.729509353637695
7,austen,1439,thompson,8.50217374165853
7,austen,1439,dickens,7.561319192250569
7,austen,1439,melville,8.16901961962382
7,austen,1439,wells,7.804010947545369
7,austen,1439,austen,5.475358080863953
7,austen,1439,fitzgerald,8.019875743172385
7,austen,1439,twain,8.065271340883696
7,austen,1440,train,3.0260430335998536
7,austen,1440,baum,7.761750411987305
7,austen,1440,thompson,8.53112506866455
7,austen,1440,dickens,7.57963032192654
7,austen,1440,melville,8.197257121404013
7,austen,1440,wells,7.831589460372925
7,austen,1440,austen,5.482803702354431
7,austen,1440,fitzgerald,8.045559016141025
7,austen,1440,twain,8.093669744638296
7,austen,1441,train,3.049572324752808
7,austen,1441,baum,7.731717300415039
7,austen,1441,thompson,8.520881652832031
7,austen,1441,dickens,7.578763723373413
7,austen,1441,melville,8.199166456858316
7,austen,1441,wells,7.837144692738851
7,austen,1441,austen,5.479746723175049
7,austen,1441,fitzgerald,8.03919792175293
7,austen,1441,twain,8.09274933888362
7,austen,1442,train,3.028051948547364
7,austen,1442,baum,7.737592887878418
7,austen,1442,thompson,8.514721234639486
7,austen,1442,dickens,7.571375714408027
7,austen,1442,melville,8.195703426996866
7,austen,1442,wells,7.830049753189087
7,austen,1442,austen,5.476652455329895
7,austen,1442,fitzgerald,8.037834254178135
7,austen,1442,twain,8.082344421973595
7,austen,1443,train,3.058681058883667
7,austen,1443,baum,7.718111228942871
7,austen,1443,thompson,8.49380111694336
7,austen,1443,dickens,7.554822180006239
7,austen,1443,melville,8.167644262313843
7,austen,1443,wells,7.795949141184489
7,austen,1443,austen,5.475454235076905
7,austen,1443,fitzgerald,8.01087219064886
7,austen,1443,twain,8.049775196955753
7,austen,1444,train,3.033370018005371
7,austen,1444,baum,7.738273239135742
7,austen,1444,thompson,8.518400192260742
7,austen,1444,dickens,7.571954833136664
7,austen,1444,melville,8.195443550745646
7,austen,1444,wells,7.830290794372559
7,austen,1444,austen,5.47495141029358
7,austen,1444,fitzgerald,8.041243336417459
7,austen,1444,twain,8.083620034731352
7,austen,1445,train,3.020982360839844
7,austen,1445,baum,7.739764595031739
7,austen,1445,thompson,8.5137357711792
7,austen,1445,dickens,7.5813682079315186
7,austen,1445,melville,8.192363341649374
7,austen,1445,wells,7.828673442204793
7,austen,1445,austen,5.48559033870697
7,austen,1445,fitzgerald,8.041908437555486
7,austen,1445,twain,8.088268536787767
7,austen,1446,train,3.033056640625
7,austen,1446,baum,7.722933959960938
7,austen,1446,thompson,8.496227264404297
7,austen,1446,dickens,7.556826247109307
7,austen,1446,melville,8.171666781107584
7,austen,1446,wells,7.80386471748352
7,austen,1446,austen,5.483257031440735
7,austen,1446,fitzgerald,8.022478623823686
7,austen,1446,twain,8.05562899662898
7,austen,1447,train,3.0158995628356933
7,austen,1447,baum,7.76172513961792
7,austen,1447,thompson,8.549376805623373
7,austen,1447,dickens,7.594759808646308
7,austen,1447,melville,8.226629892985025
7,austen,1447,wells,7.861675024032593
7,austen,1447,austen,5.494950222969055
7,austen,1447,fitzgerald,8.068936174566096
7,austen,1447,twain,8.116662649007944
7,austen,1448,train,3.044020748138428
7,austen,1448,baum,7.720693111419678
7,austen,1448,thompson,8.510462760925293
7,austen,1448,dickens,7.56019941965739
7,austen,1448,melville,8.190515836079916
7,austen,1448,wells,7.821223894755046
7,austen,1448,austen,5.477236008644104
7,austen,1448,fitzgerald,8.02850697257302
7,austen,1448,twain,8.06978203700139
7,austen,1449,train,3.030823564529419
7,austen,1449,baum,7.766629981994629
7,austen,1449,thompson,8.550568262736002
7,austen,1449,dickens,7.594609207577175
7,austen,1449,melville,8.223066329956055
7,austen,1449,wells,7.861677328745524
7,austen,1449,austen,5.498116254806519
7,austen,1449,fitzgerald,8.07176550951871
7,austen,1449,twain,8.118571721590483
7,austen,1450,train,3.033018064498901
7,austen,1450,baum,7.745328807830811
7,austen,1450,thompson,8.530224164326986
7,austen,1450,dickens,7.579696999655829
7,austen,1450,melville,8.197364648183187
7,austen,1450,wells,7.838540712992351
7,austen,1450,austen,5.485950326919555
7,austen,1450,fitzgerald,8.053217324343594
7,austen,1450,twain,8.087922756488506
7,austen,1451,train,3.0386913299560545
7,austen,1451,baum,7.771136283874512
7,austen,1451,thompson,8.564374923706055
7,austen,1451,dickens,7.609478685590956
7,austen,1451,melville,8.235321044921875
7,austen,1451,wells,7.876422723134358
7,austen,1451,austen,5.503517746925354
7,austen,1451,fitzgerald,8.084170991724188
7,austen,1451,twain,8.129458023951603
7,austen,1452,train,3.0221843242645265
7,austen,1452,baum,7.771471977233887
7,austen,1452,thompson,8.568116505940756
7,austen,1452,dickens,7.599816905127631
7,austen,1452,melville,8.231721719106039
7,austen,1452,wells,7.867016474405925
7,austen,1452,austen,5.488933062553405
7,austen,1452,fitzgerald,8.079269495877353
7,austen,1452,twain,8.118966872875507
7,austen,1453,train,3.03407301902771
7,austen,1453,baum,7.77026891708374
7,austen,1453,thompson,8.572113672892252
7,austen,1453,dickens,7.606543090608385
7,austen,1453,melville,8.2518204053243
7,austen,1453,wells,7.880160331726074
7,austen,1453,austen,5.4907023191452025
7,austen,1453,fitzgerald,8.081269957802512
7,austen,1453,twain,8.134208239041842
7,austen,1454,train,2.9969128131866456
7,austen,1454,baum,7.766282272338867
7,austen,1454,thompson,8.565170923868815
7,austen,1454,dickens,7.609046406216091
7,austen,1454,melville,8.24612840016683
7,austen,1454,wells,7.879904588063558
7,austen,1454,austen,5.486493158340454
7,austen,1454,fitzgerald,8.08282418684526
7,austen,1454,twain,8.131292856656588
